# 683
129 495
129 613
1 2
2 489
2 507
3 507
3 495
495 613
215 489
215 613
197 215
13 215
118 197
197 399
92 197
14 118
118 619
190 660
137 190
13 14
14 399
14 92
399 660
399 619
137 660
39 619
92 619
92 584
96 418
96 208
26 96
96 530
418 584
418 656
292 584
408 584
292 656
208 656
308 656
26 308
308 408
137 408
137 530
187 495
109 661
109 477
109 187
477 661
115 661
195 661
301 477
477 489
115 664
301 664
115 240
115 489
195 301
187 240
187 195
301 387
146 240
146 592
87 146
146 348
240 546
42 387
387 563
387 536
42 546
140 546
563 592
87 140
87 348
140 563
536 563
51 546
230 532
532 680
51 230
51 172
51 238
592 668
592 680
302 668
462 668
172 302
462 680
36 680
172 238
36 238
118 472
261 591
261 671
145 261
261 472
591 671
370 591
190 591
453 671
145 370
347 472
145 472
190 453
39 103
30 103
30 603
30 474
30 70
103 603
74 103
110 603
381 603
13 381
13 474
70 381
110 474
70 474
74 110
70 74
3 407
104 522
104 180
81 104
104 444
80 522
80 494
80 253
80 467
81 494
180 407
180 253
1 81
1 253
444 467
532 625
88 625
88 560
89 302
199 302
560 625
89 625
351 560
560 599
89 117
89 93
117 351
351 599
93 117
599 615
199 599
93 615
93 283
199 615
283 615
292 413
153 292
413 457
186 413
106 413
457 640
101 457
171 457
473 640
43 640
101 153
75 153
101 186
101 106
171 186
75 171
106 171
43 106
145 270
56 289
56 652
56 136
289 475
270 289
289 349
463 475
475 610
116 475
453 463
125 463
610 652
136 652
270 610
349 610
116 270
125 453
116 136
116 349
125 349
348 562
356 480
322 356
47 356
356 562
322 480
480 583
144 480
249 322
322 536
47 583
47 249
369 583
536 583
249 369
144 249
26 478
143 439
143 530
143 436
113 439
54 439
60 439
113 130
113 478
113 598
130 559
130 396
436 530
54 478
60 478
54 559
54 598
396 559
60 598
60 396
497 598
580 623
555 623
108 623
451 623
497 580
91 97
61 91
91 332
97 497
97 108
497 555
61 555
108 436
108 451
61 436
61 332
332 451
79 668
79 294
250 294
294 365
155 294
79 250
27 79
23 250
73 250
27 73
27 365
73 155
23 365
155 365
23 230
155 230
330 613
388 513
388 507
263 513
152 513
513 633
5 263
161 263
263 511
5 164
152 161
161 633
152 163
152 511
163 164
507 511
511 633
164 633
167 236
167 281
105 167
167 198
236 281
236 369
265 281
185 281
105 369
185 198
105 265
105 198
265 459
198 459
163 179
176 179
179 321
176 288
148 176
176 550
288 433
156 288
288 627
433 658
427 433
5 156
5 321
148 156
156 550
148 658
148 627
321 627
550 627
427 550
188 562
234 488
188 234
234 525
234 636
188 488
189 488
293 488
22 188
185 189
189 525
185 636
22 525
525 636
22 293
293 636
347 637
169 385
385 596
370 385
107 169
107 352
9 107
169 596
169 352
490 596
352 404
352 637
15 404
15 490
404 637
203 490
9 490
203 637
203 370
26 45
213 391
391 655
255 391
214 391
120 213
120 150
45 120
75 120
150 422
422 655
82 422
45 655
82 255
214 255
45 82
75 214
222 408
216 534
402 534
220 534
368 534
216 402
216 659
216 222
208 402
219 402
220 659
219 368
208 220
220 368
222 368
407 482
224 632
243 632
228 632
632 677
224 243
224 493
224 494
196 243
196 493
228 493
196 677
228 482
228 677
494 677
236 344
32 132
132 620
132 502
32 602
32 58
32 335
69 602
382 602
443 602
69 459
69 344
382 620
502 620
58 382
335 382
58 459
58 443
443 502
335 443
335 344
109 426
182 667
182 245
182 604
225 667
225 426
147 225
245 667
426 667
245 247
218 245
271 426
247 664
218 247
271 664
102 218
147 218
102 271
271 604
102 147
102 604
67 422
99 254
99 455
99 319
254 363
254 338
254 545
363 585
181 363
67 544
455 585
319 455
338 585
545 585
213 338
181 338
213 544
181 319
181 545
544 545
18 562
295 644
17 644
46 644
295 373
268 373
17 295
268 295
17 269
17 360
144 268
18 268
144 269
269 360
260 360
360 537
18 260
18 46
260 537
46 260
280 596
479 485
313 485
323 485
94 485
313 479
434 479
15 479
280 313
313 499
323 434
280 323
212 434
434 499
94 212
94 499
15 94
81 276
142 523
286 523
276 523
287 523
142 286
142 444
286 354
177 286
177 287
276 354
276 287
71 354
71 287
87 375
300 416
11 576
11 233
11 375
6 576
297 576
419 576
6 642
6 42
206 297
206 300
233 297
297 375
233 642
233 419
42 642
375 419
11 483
285 416
207 416
112 285
112 551
112 305
285 483
285 551
168 483
310 483
519 551
390 551
168 310
390 519
84 310
305 310
84 390
207 390
84 305
84 207
355 658
309 565
134 565
256 565
309 355
123 309
309 674
355 520
77 355
68 427
376 427
134 520
134 256
123 520
520 674
68 123
77 123
68 376
77 256
77 674
376 674
363 528
67 586
67 328
586 681
641 681
445 681
328 586
586 641
328 406
417 641
333 641
138 417
138 406
333 417
378 406
406 445
333 378
333 528
378 445
378 528
95 280
95 325
40 95
95 342
173 325
325 582
173 362
173 327
362 582
342 362
40 582
343 582
40 327
342 343
212 342
327 343
327 651
212 651
91 611
458 630
503 630
580 630
458 466
296 466
458 503
296 458
336 503
503 588
296 311
296 541
311 336
336 588
311 541
588 611
50 588
541 611
541 580
50 611
255 364
128 357
10 357
357 397
357 432
10 128
128 275
128 150
10 364
10 380
275 397
364 397
275 622
275 380
432 622
380 432
150 432
371 473
266 366
366 431
366 371
366 410
266 431
43 266
266 517
257 431
0 431
0 43
0 410
257 371
371 410
257 517
410 517
100 173
48 646
21 646
100 646
340 646
21 48
48 651
48 259
21 121
651 675
340 675
100 121
100 340
121 259
259 340
243 386
435 554
384 554
211 554
237 554
384 435
435 482
435 552
282 384
211 482
237 386
211 282
211 237
282 552
1 159
594 628
398 628
392 594
158 594
448 594
159 392
392 395
4 392
159 648
279 395
279 398
158 395
395 448
39 158
4 158
39 648
4 398
4 448
448 648
237 239
217 581
403 581
239 581
119 581
217 403
217 552
217 557
267 403
405 552
119 405
239 267
119 239
267 557
119 557
328 415
307 409
409 491
149 409
409 553
307 491
307 379
138 307
415 491
160 491
160 379
149 379
160 553
149 415
149 553
138 553
186 264
175 572
175 400
175 346
175 423
400 572
76 572
425 572
264 400
400 665
76 346
264 346
76 473
76 665
264 425
423 473
423 665
423 425
283 411
626 654
516 626
460 626
88 626
496 654
430 654
274 496
496 569
411 496
274 430
274 460
430 516
430 573
516 569
460 573
88 460
569 573
411 569
621 628
272 607
566 607
607 621
476 607
272 566
272 279
248 272
461 566
306 566
279 306
306 476
461 621
476 621
248 476
330 492
210 529
210 388
210 450
210 350
529 606
122 529
447 606
492 606
449 606
122 447
447 450
122 388
122 657
450 657
350 450
492 657
449 492
350 449
50 174
49 484
456 484
466 484
291 484
49 456
49 535
49 191
174 456
456 464
466 535
298 535
464 535
174 298
174 191
291 298
291 464
191 291
172 508
612 638
612 662
166 612
587 638
638 682
114 638
508 587
468 587
316 587
227 508
468 662
166 662
468 682
114 468
462 682
316 682
227 462
166 316
114 316
114 227
253 421
326 467
221 326
290 326
326 440
37 467
314 421
421 649
29 421
37 314
290 314
37 221
37 481
221 649
290 481
290 440
29 649
29 440
364 487
183 441
72 183
183 201
183 412
72 441
441 487
441 542
24 72
72 622
201 487
412 622
24 201
201 412
24 542
412 542
78 419
162 315
57 315
315 590
162 284
162 193
162 524
16 284
7 284
284 454
16 300
16 78
7 57
57 590
7 193
7 524
193 300
193 454
454 590
454 524
78 524
35 444
420 438
320 438
35 438
177 438
420 505
420 442
505 506
165 505
505 512
442 506
35 506
320 442
442 510
165 320
35 510
165 510
165 512
177 512
248 470
339 470
304 339
339 518
339 437
304 470
470 486
304 361
304 394
394 461
461 518
394 437
361 518
437 518
361 486
437 486
203 650
501 673
131 673
650 673
9 673
34 501
501 669
34 567
34 200
34 178
567 669
567 650
131 669
589 669
131 200
589 650
200 589
178 200
9 178
416 533
111 206
111 570
111 424
111 558
206 235
526 533
533 624
429 533
235 526
424 526
235 570
235 538
570 624
424 538
424 558
538 624
429 624
429 558
2 539
194 377
194 204
65 194
377 514
377 547
209 377
154 514
124 514
59 514
154 539
129 154
124 204
65 204
124 547
124 209
539 547
59 547
59 65
59 209
129 209
63 649
170 278
8 278
278 481
64 170
64 634
64 127
8 170
170 634
8 527
8 246
597 634
63 634
527 597
246 527
63 597
246 446
127 246
63 446
127 446
446 481
184 532
312 564
312 324
312 465
564 663
564 618
226 564
184 663
568 663
33 663
12 184
324 568
324 465
568 618
226 568
12 618
33 618
12 36
33 465
33 226
36 226
519 635
469 575
469 548
469 579
62 469
548 575
575 577
168 575
548 635
548 578
577 578
577 579
62 578
579 635
62 579
62 168
384 414
317 386
317 498
90 317
277 317
252 386
258 414
414 500
414 540
252 258
90 258
252 543
498 500
90 543
90 277
500 543
500 540
277 540
38 659
19 66
19 273
19 133
19 353
66 273
66 595
66 219
38 273
549 595
133 595
353 549
38 133
133 353
219 353
161 372
600 601
372 600
600 605
561 600
372 601
262 601
192 601
157 372
157 262
262 605
157 561
330 605
561 605
192 330
192 561
142 617
359 608
428 608
242 608
359 609
86 609
71 609
359 428
86 359
85 428
303 428
86 614
86 509
85 614
85 303
509 614
303 617
71 303
509 617
242 509
242 617
373 593
28 229
28 44
28 367
28 318
44 229
229 574
229 537
44 593
44 643
367 574
367 593
151 574
574 643
151 593
151 318
318 643
318 537
252 645
53 629
53 358
53 205
232 629
389 629
629 672
232 631
232 452
232 241
631 645
498 631
358 452
205 358
389 452
452 672
389 645
241 389
205 241
241 672
498 672
403 639
329 639
299 639
329 571
126 571
504 571
299 329
126 329
139 299
299 531
126 521
126 647
139 521
139 531
521 647
31 531
504 531
31 647
405 647
31 504
31 405
21 52
98 345
98 556
98 334
52 98
345 556
345 653
41 345
374 556
556 675
653 675
334 653
334 374
52 334
41 374
41 52
55 407
55 202
202 393
202 401
202 341
55 393
55 223
25 393
337 393
223 337
223 401
337 341
25 401
341 401
25 522
341 522
273 670
244 666
471 666
549 666
251 666
244 471
244 670
244 331
20 471
471 616
20 549
135 670
616 670
20 135
20 331
135 251
251 616
251 331
141 671
231 515
231 676
83 231
141 231
515 676
515 678
347 515
383 676
676 679
678 679
83 678
141 679
83 383
83 141
347 383
