Begin GPS location info stream...
---------------------------------
1247.9110545227172 1556.0469144598437 1620.2721993541702 2729.337282198739
1458.927345689291 1480.6988215028741 2045.5974677340603 2370.2888009691983
602.1976419747922 1657.299610812722 2237.552680944071 3229.588518681598
1153.4786517313617 1403.7496215493702 1833.7156268080391 2637.178985203697
688.068310562258 2020.2569143552016 2737.414473549813 3365.0316491825156
1199.5519997065571 1448.7667169009646 2165.854334898818 2615.4397335820986
932.5202410671845 1833.4650255731633 2424.3749709976796 3003.896469587459
1153.1916579649717 1527.6946684465454 1692.8824530959023 2815.928088570445
997.277293434479 1470.5651974666066 2104.890020879951 2776.2136084962913
907.0099227682132 1272.2684465159073 1979.5623253638669 2968.209392883191
1005.6410890571248 1326.3913449657307 2224.2558306094197 2788.17395440098
1085.5979918920264 1450.0079310127928 1954.1041425676372 2693.3479166271854
58.677082408722406 1969.6301683311008 2771.9024153097453 3712.12109177489
1113.9376104611963 1673.57611120618 1856.0325966965127 2797.0443328628166
651.313288671435 1770.9344990710413 2559.728305894983 3214.7175614663256
881.5792647289295 2078.7452946429007 2818.010290967725 3315.6570992791158
944.9333309816095 1727.6860247162967 1956.757266499859 3016.6370348452597
1035.4776675525166 1260.243627240384 1897.422989214582 2760.074998981006
1231.2879435777807 1701.7843576669754 2052.3328190135244 2645.7267432597796
1197.6397621989677 1351.4218438370751 1824.9221901220885 2579.717232566391
1321.932676046704 1569.5559881699028 1682.7079366307155 2557.5195013919247
575.6639644792784 1836.1342543506996 2360.378994992118 3282.3145796830627
939.2853666484963 1853.1748433431746 2094.33927528469 3026.5586067347185
881.8990871976226 1890.435399583916 2505.5430549084563 3089.586703751814
1206.351524225008 1629.504219080147 2062.8339729605 2636.3011967527536
962.0987475306264 2014.3569693577153 2075.9657993329274 3297.125111365961
834.6023005000645 1258.793469954464 2168.077720009133 2967.349153706048
1103.4192312987843 2087.4707183575056 2167.3795237567415 3058.9759724456812
584.4604349312278 1625.2981264986433 2406.157517703278 3183.8018154401507
1204.9531111209265 1354.9583019414288 1640.7047266342595 2714.389802515475
1513.8150481482207 1740.0103447968347 1950.291260299343 2399.674144545463
1081.447178552887 1978.2638853297606 2351.4948437111234 2959.9202691964524
1105.2786978857414 1298.3223790723166 1755.4603384867457 2769.3755613856347
777.7596029622521 2070.9683725252785 2596.3262506857645 3291.186716064587
824.5010612485589 1870.775774912643 2392.446864613716 3095.0285943751796
798.0231826206555 1858.1821762141624 2149.6141514234596 3183.1181253607288
834.4758834142542 1917.3810262960255 2708.5697332725254 3219.5263626813185
951.8812951203527 1768.0718311199917 2130.2765078740367 2933.577679216966
1271.2977621312798 1460.2047801592762 1558.2676278483102 2778.7763494027367
1050.314714740301 1807.5289762545995 2147.3614041423025 2865.7217241037206
827.5173714188724 1378.689595231646 2149.60112579055 2936.7643759757098
1113.8482841033604 1791.2727318864652 2503.7288191815023 2890.234938547384
717.7924491104653 1816.377163476793 2582.871657670973 3196.0641420346997
878.8202319018378 2013.0387477641855 2252.1822750390343 3183.602519159702
1035.0193234911123 1599.7702960112742 2477.7540233041696 2890.3053471908465
---------------------------------
SATELLITE LOCATIONS:
A: (0, 0, 0)
B: (2000, 0, 0)
C: (2000, 2000, 0)
D: (3000, 1500, 1700)
---------------------------------
