1134 5451
1 2 32768
1 3 8193
1 4 49154
1 5 24582
1 6 49159
1 7 40967
1 8 16397
1 9 49165
1 10 40973
1 11 32783
1 12 8208
1 13 16401
1 14 32788
1 15 32791
1 16 24600
1 17 8218
1 18 49179
1 19 24605
1 20 32799
1 21 16415
1 22 32800
1 23 32
1 24 16417
1 25 33
1 26 16420
1 27 49189
1 28 40999
1 29 40
1 30 49193
1 31 24619
2 18 24624
2 32 8240
2 13 32817
2 16 41012
2 10 24630
2 24 8247
2 33 24631
2 34 49210
2 22 59
2 35 41021
2 3 24637
2 9 8253
2 20 41023
2 36 24639
2 7 49221
2 6 69
2 8 49222
2 37 8262
2 11 24648
2 4 49227
2 38 24653
2 19 77
3 39 32846
3 21 8271
3 40 32849
3 13 41043
3 7 49236
3 8 16469
3 34 24662
3 28 32855
3 23 87
3 41 41048
3 42 8280
3 43 24664
3 9 89
3 11 8288
3 4 8290
3 18 8291
3 19 16484
3 44 41061
3 16 49253
3 45 24679
3 46 49255
3 6 49256
3 20 109
3 27 110
3 22 41071
3 47 24688
3 48 112
3 49 41074
3 50 16499
3 12 115
3 51 16500
3 52 32885
3 53 49270
3 54 24696
3 55 24701
3 56 24703
4 57 41089
4 58 49282
4 59 24708
4 60 41093
4 46 134
4 61 8326
4 62 16521
4 63 139
4 64 32907
4 65 16524
4 66 8332
4 67 16525
4 11 49294
4 68 49298
4 69 148
4 70 24726
4 71 16541
4 22 157
4 72 41119
5 6 49313
5 73 161
5 74 16546
5 13 16552
5 75 24746
5 76 8365
5 77 173
5 78 49329
5 79 177
6 7 178
6 28 16562
6 13 49332
6 34 24758
6 80 16566
6 81 183
6 16 41144
6 18 185
6 82 16570
6 27 24763
6 83 41149
6 8 49343
6 84 24771
6 85 49347
6 86 32963
6 87 16580
6 22 49348
7 88 8389
7 89 32967
7 22 49352
7 19 41162
7 90 202
7 16 204
7 91 32974
7 92 49359
7 93 32975
7 94 41168
7 28 24788
7 13 213
7 95 49369
7 96 49370
7 97 24798
7 98 41187
7 99 41189
7 100 32998
7 10 49383
7 76 41193
7 15 41194
7 9 24811
8 101 235
8 22 33003
8 102 236
8 28 41197
9 22 8430
9 103 24815
9 13 24817
9 104 49395
9 41 33012
9 24 8437
9 21 41209
9 105 8444
9 16 24828
9 106 16637
9 107 253
9 10 33021
9 30 49407
10 108 8449
10 109 16641
10 34 49411
10 110 33027
10 111 24837
10 112 264
10 16 16648
10 113 268
10 24 33036
10 70 16653
10 114 270
10 115 33038
10 116 24847
10 30 33041
10 117 33044
10 118 16660
10 119 49429
10 120 41237
10 121 16663
10 122 49431
10 123 41241
10 124 16666
10 125 33050
10 126 41243
10 127 8475
10 128 283
10 129 24860
10 130 284
11 131 286
11 73 8481
11 45 49441
11 132 41249
11 133 8483
11 134 24867
11 135 8484
11 22 24869
11 136 41255
11 20 295
11 19 49450
11 18 298
11 137 8491
11 138 24875
11 27 49452
11 25 41260
12 139 41261
12 140 33071
12 141 33072
12 142 49457
12 84 33075
12 143 16693
12 144 8502
12 145 49465
12 146 8506
12 147 41274
12 148 49467
12 149 8508
12 150 24892
12 151 33084
12 152 33085
12 153 49473
13 154 321
13 155 8517
13 156 16712
13 24 49481
13 157 8521
13 28 41290
13 22 8523
13 158 33100
13 16 24909
13 18 33102
13 159 8526
13 14 24914
13 69 33106
13 45 8532
13 106 24917
13 76 33109
13 153 41302
13 160 8534
14 15 344
14 161 345
14 162 41305
14 163 41306
14 164 347
14 123 348
14 33 41310
14 24 8544
14 165 49506
14 166 41316
14 34 49510
14 167 41322
14 124 8559
14 168 49519
14 110 49520
14 169 49521
14 170 33138
14 171 16754
14 172 49524
14 173 41332
14 174 8564
14 80 373
14 136 33142
14 112 41336
14 175 16762
14 176 33150
14 107 33153
14 177 41347
14 178 8581
14 179 41349
14 16 16773
14 180 16774
14 181 24970
14 182 16779
15 76 33164
15 183 24974
15 184 33167
15 185 400
15 186 41361
15 187 49556
15 124 8599
15 33 33177
15 188 49565
15 189 416
15 190 49568
15 168 49570
15 34 419
15 191 8613
15 93 49576
15 23 33196
16 192 25004
16 108 49581
16 24 8621
16 193 8623
16 123 25008
16 194 33201
16 195 33203
16 34 49587
16 196 437
16 197 33205
16 198 8631
16 199 33207
16 30 41400
16 127 16824
16 200 16825
16 77 441
16 105 33209
16 201 25019
16 202 41405
16 203 49598
16 204 49600
16 205 33217
16 206 41409
16 207 8641
16 208 8642
16 209 33218
16 210 16836
16 33 453
16 211 33222
16 212 41414
16 213 49607
16 214 458
16 215 41418
16 216 49611
16 56 33230
16 217 464
16 218 8658
16 219 41429
16 220 49622
16 129 25047
16 221 49624
16 222 16857
17 115 25049
17 24 49625
17 34 33244
17 223 25052
17 224 49630
17 225 33248
18 25 41444
18 39 41445
18 26 41446
18 226 16871
18 23 49645
18 38 41453
18 227 41454
18 21 41455
18 27 33263
18 19 41457
18 22 25074
18 228 49651
19 229 16883
19 230 16884
19 38 41462
19 231 502
19 20 8695
19 27 41464
19 70 506
19 137 16891
19 232 25083
19 186 508
19 120 16892
19 82 49661
19 233 41470
19 234 25086
19 235 16894
19 236 8702
19 237 41473
19 238 41474
19 239 49667
19 240 41476
19 41 16901
19 86 41477
20 233 16902
20 228 41481
20 81 521
20 50 8713
20 241 33292
20 41 524
20 242 49681
20 106 25106
20 243 8723
20 43 8725
20 244 8726
20 22 49687
21 245 16921
21 246 49689
21 40 16922
21 25 49691
21 46 540
21 41 25116
21 54 8733
21 247 16925
21 248 41503
21 47 25121
21 249 49699
21 250 16933
21 251 550
21 223 33318
21 252 551
21 253 33320
21 23 41513
21 50 16939
21 254 49709
21 105 557
21 255 41518
21 210 16944
21 214 33328
21 206 49712
21 55 25136
21 157 8753
21 256 25139
21 107 565
21 91 8762
21 239 8765
21 257 33341
21 258 49726
21 259 41535
21 59 8768
21 260 25153
21 39 579
21 103 580
21 104 33349
21 261 41541
22 27 16966
22 38 41543
22 32 8780
23 262 25166
23 263 49743
23 240 16976
23 264 33361
23 38 41553
23 265 8787
23 266 49748
23 227 598
23 54 25174
23 182 25175
23 134 8793
23 135 33371
23 25 16988
23 43 33375
23 246 16992
23 45 49761
23 267 8802
23 268 25188
23 39 614
23 143 8809
23 269 8811
23 270 17003
23 271 8812
23 272 17005
23 46 8815
23 44 17007
23 42 41584
23 273 17010
23 80 49779
23 196 17013
23 255 25205
23 274 41590
23 275 8822
23 276 25206
23 50 17015
23 277 49785
23 278 33401
23 279 33402
23 97 49788
23 280 8830
23 203 41600
23 230 17024
23 281 8834
23 282 643
23 283 49797
23 284 41605
24 108 25223
24 285 651
24 109 41611
24 286 41614
24 182 25231
24 34 41616
24 176 658
24 287 49811
24 288 17043
24 263 41620
24 289 8852
24 115 25236
24 290 660
24 167 41622
24 70 25239
24 291 17050
24 119 25242
24 292 33437
24 124 33438
24 58 671
24 30 17055
24 168 672
24 33 33441
24 116 8865
24 293 33443
24 294 25251
24 174 8868
24 295 25252
24 110 17060
24 120 49828
24 121 676
24 296 17061
24 297 25254
24 112 49830
25 26 33449
25 227 8873
25 39 41642
25 287 8877
25 265 25261
25 298 17069
25 299 49838
25 300 688
25 301 690
25 62 33458
25 302 41651
25 126 8884
25 60 33465
25 303 49853
25 238 25280
27 95 707
27 238 710
27 304 41671
27 235 17095
27 70 33479
27 186 8904
27 232 49864
27 230 17097
27 38 714
27 305 49868
27 86 33486
27 275 33487
27 306 17108
27 307 49878
28 34 33494
28 233 17112
28 182 730
28 308 25308
28 309 49884
28 280 17117
29 310 8926
29 311 736
29 312 41696
29 313 33507
29 314 744
29 147 49896
29 315 8937
29 316 25321
30 317 8938
30 318 49898
30 319 17131
30 320 41708
30 321 751
30 322 41712
30 323 25329
30 324 49906
30 49 33524
30 325 757
30 326 8952
30 178 33531
30 34 49916
30 196 17149
30 327 41725
30 328 8958
30 218 41727
30 200 8960
30 211 49921
30 194 770
30 201 774
31 329 25351
31 45 778
31 330 49932
31 259 25356
31 251 781
31 104 41742
31 331 33552
31 202 784
31 157 25362
31 332 787
31 333 17177
31 334 8986
31 54 8987
31 335 49948
31 336 799
31 245 805
31 337 33574
31 338 8999
31 339 25384
31 340 49961
31 241 49964
32 341 49965
33 34 25391
33 120 17200
33 169 49968
34 308 49970
34 108 819
34 342 17204
34 343 9014
34 182 17209
34 55 25401
34 70 33593
38 344 41787
38 345 17211
38 51 25406
38 270 49982
38 237 9022
38 231 9024
38 233 33603
38 346 17222
38 347 33606
38 275 33607
38 348 9032
38 241 25416
38 254 9034
38 349 25421
38 350 25424
38 351 33617
38 352 17236
38 330 33620
38 353 41813
39 354 33625
39 46 33626
39 227 9050
39 52 17242
39 105 33630
39 250 862
39 313 41822
39 42 17247
39 245 17249
39 240 9058
39 246 9059
39 43 869
39 355 41831
39 356 9065
39 357 33641
39 314 41834
39 332 41835
39 358 25455
39 107 25456
39 41 17264
39 45 33649
39 265 9074
39 50 9075
40 359 41847
40 54 17271
40 55 888
40 336 25466
40 268 9082
40 354 41852
40 293 41854
40 360 33665
40 46 25476
40 361 41862
40 56 25482
40 362 9098
40 363 41870
40 364 41872
40 49 33680
40 47 25489
40 42 9105
40 365 25491
40 355 33683
40 105 17303
40 157 922
40 58 33691
40 203 9117
40 366 925
40 367 41886
41 354 9119
41 353 25504
41 87 41889
41 368 9121
41 245 25508
41 262 934
41 260 935
41 358 937
41 134 9133
41 270 33711
41 54 25519
41 369 17327
41 250 945
41 370 9137
41 371 25521
41 210 17332
41 194 41908
41 50 25526
41 372 952
41 135 25529
41 246 17337
41 332 17338
41 103 17339
41 51 9148
41 373 41916
41 62 33725
41 48 17347
41 46 9155
41 374 9157
41 106 17352
41 94 25546
41 375 17354
41 238 9165
41 376 974
41 377 33743
41 334 975
41 247 25551
41 378 25556
41 379 33749
41 355 41943
41 47 25563
41 191 17372
41 235 990
42 303 9184
42 380 25569
42 381 995
42 105 9189
42 382 25574
42 372 9194
42 271 33770
42 383 1003
42 384 25579
42 385 9197
42 386 17390
42 387 41967
42 356 9201
42 388 17393
42 389 1012
42 50 1014
42 390 33782
42 391 25591
42 314 25594
42 392 41979
42 104 17404
42 245 1021
42 333 17405
42 393 9214
42 332 25602
42 44 41986
42 394 1027
42 378 17412
42 395 25609
42 396 1034
42 397 25611
42 337 41996
42 355 41997
42 398 33805
42 354 42000
42 45 9233
42 134 17426
42 335 25619
42 157 9236
42 399 42004
42 400 33817
42 338 17433
42 401 25627
42 84 17438
42 402 33822
42 403 25631
42 404 17441
43 269 1060
43 46 9252
43 405 33829
43 282 33835
43 230 25646
43 240 9262
44 341 1072
44 406 42035
44 407 9269
44 408 33846
44 332 42038
44 409 9272
44 410 25657
44 386 9274
44 411 17466
44 412 1083
44 135 25660
44 52 25661
44 383 9277
44 413 33854
44 414 33857
45 415 42050
45 399 42051
45 73 33860
45 333 25668
45 416 17476
45 355 1093
45 417 33861
45 418 25671
45 251 42057
45 419 33868
45 227 42062
45 420 9294
45 421 42064
45 50 9298
45 422 1108
45 54 33878
45 191 33879
45 423 1114
45 362 25690
45 424 9310
45 349 17506
45 425 33890
45 133 42083
45 259 9317
46 59 42087
46 399 25704
46 72 42088
46 62 33898
46 58 17519
46 426 25713
46 354 1140
46 64 9333
46 57 17526
46 373 1144
46 71 9337
46 414 1146
46 69 42106
46 81 1147
46 66 33916
46 427 1149
46 282 42110
46 428 17536
46 429 9344
46 68 9347
46 351 33923
46 241 1158
46 430 17544
46 246 1161
46 431 33931
46 52 17549
46 432 33933
46 48 9358
47 433 1166
47 337 25746
47 104 42132
48 296 33940
48 332 17558
48 434 25750
48 367 17565
49 54 25757
49 76 25759
49 185 17569
49 269 42147
49 344 25763
49 241 42148
49 92 33959
49 303 42151
49 328 25768
49 206 9386
49 435 17578
49 55 33962
49 293 9387
49 436 9388
49 105 33964
49 116 9389
49 390 1200
49 437 42161
49 128 9395
49 361 25782
49 79 42168
49 201 1208
49 274 33980
49 317 25788
49 321 9408
49 327 17603
49 438 42181
49 439 9413
49 213 17607
49 202 33992
49 440 42187
49 325 1229
49 322 42190
49 441 9425
49 56 25810
49 442 34002
49 363 9428
50 259 1236
50 368 42199
50 52 17624
50 228 1241
50 81 9435
50 241 25820
50 354 1244
50 443 42208
50 444 17632
50 191 25824
50 245 1254
50 324 25831
50 367 17641
50 338 42218
50 271 9452
50 314 9453
50 404 42224
50 333 34034
51 445 17651
51 446 9459
51 105 9460
51 56 9462
51 447 42232
51 354 42233
51 353 25849
51 54 42235
51 448 25851
51 449 9470
51 368 42238
51 278 17664
51 366 34048
51 450 1281
51 338 9473
51 257 9474
51 451 42245
51 340 25868
51 269 9485
52 452 34062
52 453 17679
52 228 1297
52 241 34066
52 81 9490
52 351 25875
52 269 9492
52 182 1300
52 128 42261
52 454 25877
52 333 9493
52 133 42262
52 365 9495
52 340 1303
52 254 9496
52 455 42264
52 456 1305
52 146 1307
52 457 42269
52 362 34078
52 367 42270
52 458 17697
52 157 34084
52 335 9510
52 248 9511
52 135 34090
52 316 1322
52 459 17706
52 402 42283
52 287 1325
52 460 34094
52 413 25903
52 461 1327
53 72 9525
54 187 42294
54 124 9526
54 87 9527
54 183 34107
54 354 17724
54 189 1343
54 268 9536
54 454 34114
54 346 17732
54 76 42308
54 329 1351
54 331 25931
54 185 34125
54 462 42320
54 378 42322
54 463 1362
54 333 34131
54 464 9556
54 316 42324
54 465 34136
54 191 42329
54 466 9563
54 467 34140
55 468 34142
55 360 9567
55 105 42338
55 259 1379
55 317 9572
55 469 34149
55 324 34150
55 201 1383
55 56 42344
55 128 17769
56 470 17770
56 335 17772
56 251 17776
56 392 1393
56 332 34163
56 471 25971
56 360 1398
56 364 17784
56 327 17785
56 472 34169
56 289 25978
56 207 42364
56 202 25981
56 196 17791
56 473 9599
56 212 42368
56 213 9600
56 390 34180
56 293 1416
56 201 25992
56 128 17801
56 194 34186
56 437 42379
56 105 25995
56 133 25997
56 474 34191
56 210 17808
56 77 9619
56 214 17812
57 62 34199
57 58 9623
57 475 42392
57 65 9625
57 476 9626
57 477 1435
57 478 42396
57 479 9628
57 480 9629
57 59 26014
57 282 9634
57 69 42402
57 426 1445
57 72 17830
57 481 34217
57 64 17834
57 66 34218
57 373 17835
57 482 9646
57 483 17841
57 484 17842
57 485 1459
57 420 1460
57 486 42421
57 231 17849
57 487 17850
58 72 9659
58 59 34239
58 64 17856
58 66 17857
58 69 1474
58 488 42437
58 62 34246
58 426 1479
58 282 26055
58 373 34249
58 192 34250
58 286 26060
58 351 1484
58 393 34252
58 489 9679
58 67 1490
58 490 42450
58 491 1491
58 255 34264
58 439 26075
58 492 42461
58 493 9695
58 206 17889
58 494 34274
58 124 1506
58 107 17890
58 495 34275
58 112 34277
59 64 17893
59 66 42473
59 71 17897
59 69 1516
59 282 9711
59 62 34289
59 426 17907
59 72 26103
59 430 34299
59 496 1532
59 497 9727
59 498 42495
59 256 26113
59 499 1539
60 485 9732
61 470 26118
61 64 1544
61 244 1547
61 500 26124
61 68 42511
61 132 9744
61 501 42516
61 485 1556
61 502 9749
62 503 1558
62 63 9752
62 64 26137
62 504 34331
62 373 17949
62 341 9759
62 505 34337
62 371 17956
62 140 1573
62 185 26152
62 145 1576
62 267 26156
62 150 17966
62 203 34352
62 72 26162
62 71 26164
62 66 17972
62 476 9786
62 67 17980
63 427 9791
63 506 26175
63 507 26177
63 508 34369
63 150 17989
63 71 34374
63 509 26185
63 476 42572
64 485 42573
64 65 9805
64 68 1615
64 90 42577
64 506 1620
64 282 34389
64 510 18006
64 69 1623
64 72 34391
64 483 42584
65 483 9818
65 68 42587
65 485 1627
65 282 1629
65 510 9823
65 430 42593
65 90 9826
65 477 9831
65 475 18025
65 511 1650
65 512 18035
65 513 1652
65 476 18037
65 481 18041
65 514 26234
66 316 34427
66 515 1660
66 368 9853
66 69 34430
66 71 26238
66 282 18046
66 426 42623
66 72 26240
67 430 42625
67 516 34435
67 485 1667
67 286 1670
67 282 34442
67 238 18058
67 490 42635
67 491 26251
67 517 9868
67 518 18061
67 519 26256
68 470 26258
68 500 9878
68 485 18071
68 510 34455
68 430 26263
68 90 26267
68 282 1692
68 520 34462
68 511 9886
68 69 1694
68 373 1695
69 444 26273
69 506 42660
69 521 18085
69 522 42662
69 523 34473
69 524 9897
69 525 34475
69 426 42668
69 72 26284
69 526 1709
69 527 34479
69 432 1712
69 509 42672
69 90 9905
69 528 26290
69 362 34488
69 466 42681
69 349 1722
69 219 18107
69 529 18109
69 500 26302
70 530 1727
70 233 1729
70 108 18114
70 239 42690
70 444 1734
70 330 9928
70 82 42697
70 531 1738
70 117 34507
70 280 1739
70 169 42700
70 355 18124
70 182 42702
70 492 34514
70 532 18130
70 495 9939
70 170 18133
71 508 34518
71 233 9944
71 427 18140
71 429 9948
71 134 26333
71 533 9951
71 511 26336
72 534 1760
72 426 34531
72 535 1763
72 536 1765
72 537 42726
72 369 26343
72 507 42728
72 285 1768
72 538 34538
72 500 9963
72 539 18162
72 511 34546
72 540 18165
72 282 42742
72 339 1784
72 455 9976
72 353 34552
72 396 26363
72 541 9980
72 373 18177
72 542 34562
72 268 18179
72 351 9991
72 140 26375
72 423 42760
72 510 18184
72 356 26377
73 420 1802
73 376 42765
73 543 18191
73 133 1808
73 544 42769
73 467 1811
73 270 42771
73 447 10004
73 528 18197
73 260 1813
73 545 34582
73 546 42774
73 89 18198
73 378 26392
73 413 1817
73 422 34586
73 547 42779
73 548 18213
74 233 42789
74 134 26406
74 254 10023
74 549 1836
74 466 26413
74 504 18222
74 550 34607
74 287 34608
74 551 26418
74 552 42805
74 194 18230
74 206 10041
74 196 26425
74 128 26426
74 505 34619
74 553 1852
74 186 34622
74 101 42815
74 554 42816
74 555 18242
75 556 42819
75 557 34628
75 354 34630
75 558 10055
75 152 10058
75 559 1867
75 468 34637
75 560 26447
75 267 26448
75 148 18256
75 561 42834
76 183 10066
76 187 1877
76 185 26453
76 553 1878
76 84 18263
76 562 42839
76 189 42841
76 396 34652
76 267 26461
76 147 18269
76 117 42850
76 105 26466
76 316 10083
76 269 42851
76 563 1892
76 564 34662
76 565 18284
76 566 18285
76 190 34673
76 567 1906
76 568 34677
76 467 42873
76 150 1914
76 466 42874
76 462 10110
76 233 1918
76 186 10111
76 569 26495
76 124 26496
76 341 26497
76 570 18305
76 80 10116
76 119 1926
76 571 1927
76 572 18312
76 573 18313
76 352 42889
77 420 42890
77 147 10123
77 574 1935
77 323 34705
77 196 26514
78 333 34707
78 183 1942
78 113 10136
78 181 18329
78 176 26527
78 162 26528
78 197 18338
78 161 34722
78 575 26531
78 120 18341
78 121 26534
79 576 10151
79 128 26538
79 133 34732
79 136 26540
79 322 18349
79 201 10158
79 336 42927
79 105 1968
79 400 10160
79 577 42930
80 184 10162
80 578 10163
80 269 34742
80 579 42935
80 580 10168
80 581 42937
80 582 10172
80 116 10174
80 85 18366
80 401 26562
80 400 42948
80 577 34758
80 105 10183
80 176 34759
80 583 1992
80 127 18376
80 274 26569
80 584 34763
80 194 18380
80 361 10188
80 120 18383
80 161 18389
81 228 34774
81 134 42967
81 585 34777
81 452 2010
81 241 10202
81 586 26587
81 155 34780
81 587 18398
81 333 10207
81 454 18399
81 460 18400
81 554 10209
81 588 2018
81 308 34789
81 260 2023
81 94 34792
81 243 34793
81 405 10217
81 204 10222
82 234 26608
82 306 42992
82 233 42994
82 180 26610
82 269 18418
82 237 18420
82 94 26612
82 405 26613
82 182 2043
82 381 34812
82 275 26623
82 176 10241
82 113 26627
82 301 18442
82 520 43019
82 589 43023
82 460 43024
82 277 26641
82 201 43027
82 588 26644
83 590 34836
83 388 10261
83 239 10263
83 143 34839
83 243 18456
84 354 18459
84 141 18460
84 143 10271
84 332 43040
84 146 18467
84 591 10278
84 150 26663
84 140 10280
84 573 26665
84 153 2091
84 152 18480
85 398 34864
85 592 26673
85 593 18483
85 212 34867
85 128 43060
85 219 2100
85 594 43061
85 198 10295
85 595 18487
85 215 10296
85 193 26683
85 291 26684
85 328 26685
85 222 34878
85 205 2111
85 401 26689
85 130 34884
85 327 10309
85 518 34887
85 596 18503
86 429 43080
86 597 18504
86 598 34889
86 378 2124
86 233 34897
86 95 26706
86 454 26709
86 94 2133
87 183 43093
87 134 18518
87 567 34906
88 92 18523
88 599 26716
88 204 18526
88 219 34914
88 600 34919
88 518 10344
88 601 18537
88 193 10346
88 594 2154
88 198 26733
88 259 18542
89 454 43118
89 464 43119
89 93 26736
89 602 43121
89 603 18548
89 604 43124
90 427 2170
90 485 2174
90 282 26751
90 510 43137
90 430 26756
90 605 43140
90 606 26760
90 607 2186
90 507 10378
90 608 43146
90 396 43147
90 426 34955
90 604 26765
90 609 34957
90 610 26766
90 285 18576
90 603 2193
91 611 34961
91 256 10387
91 233 43157
91 612 18584
91 269 43163
91 613 2205
91 369 26782
91 614 34975
91 615 43168
91 444 2210
92 616 10403
92 617 43172
92 618 18596
92 201 26793
92 284 43179
92 619 18605
92 157 34989
92 620 34992
92 574 18609
92 259 18610
93 621 10420
93 454 18617
93 602 2234
93 189 18619
93 603 18620
93 622 35006
93 623 26815
93 624 18623
93 625 2240
93 465 18625
93 626 43202
93 627 43203
93 191 10436
93 628 35013
93 118 35014
93 629 18635
94 630 2252
94 99 10448
94 266 18642
94 631 35026
94 376 35027
94 632 18645
94 231 35030
94 351 10455
94 457 18647
94 137 10456
94 606 43226
94 633 18651
94 233 35039
94 568 26847
94 237 43233
94 131 10466
94 598 18658
94 597 2274
94 241 35045
95 454 2278
95 632 18670
96 376 35055
96 612 26864
96 100 10482
96 634 43253
96 610 2295
96 457 18679
98 635 26874
98 598 2298
98 636 35066
98 627 26876
99 135 35069
99 602 10494
99 189 43262
100 598 2303
101 265 43265
101 196 10498
101 271 18690
101 637 35077
101 582 43270
101 404 35079
101 132 18697
101 468 10506
101 638 35082
101 128 43275
101 554 2316
102 339 43277
102 370 10509
103 639 18702
103 246 10510
103 614 2319
104 154 2322
104 333 10517
104 135 10518
104 501 18712
104 404 26905
104 128 35097
104 201 2329
104 218 18714
104 640 2331
104 327 26908
104 105 18717
105 333 10527
105 545 43295
105 335 43298
105 183 35106
105 331 10535
105 420 18728
105 578 26920
105 414 10537
105 236 10538
105 468 43307
105 378 10540
105 227 18733
105 274 35119
105 439 18737
105 400 2353
105 390 10546
105 210 43315
105 446 10547
105 641 35125
105 200 18741
105 214 10550
105 204 26936
105 196 2360
105 206 18745
105 128 35130
105 642 18747
105 643 10555
105 644 43324
105 596 18751
105 645 26944
105 646 26945
105 198 26949
105 647 2378
105 284 26954
105 129 18763
105 203 18766
105 259 10574
105 116 35151
105 648 35154
105 213 10581
105 291 18774
105 205 26972
105 218 10588
105 649 2399
105 650 18788
105 651 43366
105 503 18792
105 251 10601
105 321 35178
105 202 35179
105 361 2413
105 201 35182
105 472 2416
105 217 10612
105 437 35188
105 216 2423
105 307 2424
106 538 2426
106 588 10619
106 425 35195
106 652 27003
106 653 2428
106 452 18813
106 654 27006
106 655 2431
106 656 35203
106 268 18820
106 415 18821
106 657 10629
106 458 27014
106 658 2439
106 134 2443
106 137 43406
106 358 35214
106 659 18831
106 339 43407
106 660 2447
106 661 10639
106 662 18832
106 663 35217
106 664 2450
106 391 35219
106 467 35221
106 665 43417
107 666 43421
107 667 18848
107 252 2466
107 182 10658
107 128 18851
107 200 27047
107 206 27048
107 263 2473
107 196 35243
107 668 10667
107 217 18859
108 120 43436
108 296 35244
110 117 35246
110 532 27056
110 569 18866
110 119 43442
110 669 10675
110 182 35252
110 124 43446
112 333 35255
112 271 43447
112 179 2488
112 670 18874
112 165 35260
112 280 18880
112 671 18882
112 163 2499
112 120 18884
112 168 10693
112 355 18888
112 114 43465
112 170 2505
112 181 35275
112 167 18893
113 134 27086
113 672 43470
113 176 35282
113 181 2514
113 124 35283
113 162 10708
113 168 35286
113 532 10711
113 120 18904
113 163 35292
114 669 27100
114 569 43487
114 117 35296
114 179 18912
115 454 10721
115 673 18914
115 224 35298
115 668 18920
115 225 10729
115 287 27118
115 255 2543
115 674 27119
115 367 18928
115 675 35313
116 470 18933
116 676 10741
116 677 35317
116 344 35323
116 678 27132
116 269 27133
116 468 27134
116 593 43519
116 127 10752
116 128 35328
116 274 10754
116 648 35332
116 446 27140
116 305 35333
116 390 43525
116 205 2565
116 679 10758
116 439 10759
116 194 35336
116 215 10760
116 213 27144
116 435 2569
116 642 18953
116 206 35337
116 210 2571
116 214 27148
116 307 43533
116 201 18957
116 289 10767
116 680 27151
116 681 10768
116 204 27154
116 198 10771
117 135 10777
117 185 2585
117 124 27162
117 569 18971
117 119 10781
117 167 2589
117 682 2590
117 133 10783
117 161 35362
117 532 18979
117 120 10788
118 683 2596
118 517 10789
118 441 27174
118 629 10792
118 205 27177
118 684 35370
118 469 27179
119 124 2604
119 169 27181
119 669 10798
119 569 18990
120 233 2607
120 332 10801
120 685 35378
120 569 27186
120 532 18995
120 166 43571
120 178 2612
120 168 18996
120 165 43574
120 182 2614
120 669 35383
120 174 10807
120 176 2616
120 169 2618
120 170 2619
120 161 27197
120 172 2624
120 163 43585
120 179 43587
120 181 10825
120 563 27211
120 297 35403
121 178 19021
121 163 35412
121 169 35413
121 563 43611
121 166 43614
121 174 35422
121 165 10847
121 172 10849
121 168 35427
122 429 35429
122 545 35431
122 686 43624
122 331 19049
122 329 2666
122 543 10859
122 252 19051
122 687 19052
122 688 43631
122 290 35441
122 355 19059
122 689 10872
122 287 27257
124 183 19066
124 176 35451
124 555 2683
124 690 43646
124 569 19070
124 691 35456
125 692 35461
125 137 27271
125 429 10888
125 329 2698
125 367 35467
125 287 43661
125 182 27277
125 255 10896
125 693 35473
125 694 2712
126 684 43672
127 647 35481
127 274 43673
127 594 10905
127 695 10906
127 696 43674
127 208 2719
127 446 2720
127 219 27300
127 649 2726
127 648 35495
127 199 43688
128 303 35497
128 137 19115
128 429 2731
128 231 27309
128 243 43693
128 206 2734
128 321 43695
128 194 10929
128 325 43700
128 293 43702
128 324 27318
128 680 2742
128 217 27323
128 439 35515
128 182 2752
128 435 35521
128 274 35522
128 196 35523
128 305 43716
128 207 10949
128 289 35528
128 201 2762
128 697 2764
129 641 27342
129 200 43730
129 643 43731
129 317 2771
130 468 27350
130 672 2774
130 698 19160
130 194 27352
130 327 27353
130 401 2777
130 205 35550
130 699 27358
130 437 10974
131 135 2784
131 611 27361
131 134 19170
131 297 10980
131 700 19172
131 701 27365
131 585 2790
131 330 27371
131 155 2796
131 536 43756
131 702 27372
131 460 43757
131 703 27378
131 234 35571
131 614 27381
131 481 43765
131 137 2806
131 704 43768
131 677 19192
132 244 2811
132 313 43772
132 470 35582
132 547 2814
132 501 11007
132 638 19200
132 617 27392
132 331 43777
132 259 27394
133 475 35586
133 565 11011
133 134 35588
133 282 35589
133 234 43783
133 213 27401
133 446 35594
134 585 35596
134 135 11020
134 155 2829
134 227 35599
134 338 2838
134 481 27416
134 705 43801
134 706 27418
134 691 35613
134 586 11041
134 351 43811
134 663 43812
134 368 19237
134 377 43814
134 240 19238
134 448 2857
134 140 11051
134 418 19243
134 314 35629
134 707 43824
134 372 27440
134 607 43828
134 708 19255
134 445 2871
134 487 35641
134 709 2876
134 254 43837
135 196 2878
135 394 27455
135 524 19268
135 606 2885
135 710 19269
135 387 2886
135 711 43848
135 311 19276
135 340 11085
135 598 2895
135 586 27472
135 568 27473
135 431 43863
135 712 43865
135 504 27482
135 397 43868
135 545 43871
135 467 35681
135 713 35684
135 714 11110
135 457 35686
135 148 19304
135 367 43880
135 480 19308
135 693 2925
135 184 19310
135 155 19311
135 715 11120
135 227 27505
135 332 2929
136 612 19314
136 565 27508
136 302 35700
136 716 43892
136 576 27509
136 717 43893
136 718 2934
136 313 27510
136 533 27511
136 213 2936
136 682 19320
137 711 19321
137 662 27513
137 452 35705
137 238 19323
137 243 27515
137 269 19324
137 182 35710
137 585 43902
137 138 27519
137 554 2943
137 239 11139
137 376 19332
137 454 43909
137 588 27526
137 413 27528
137 321 19339
137 214 27531
137 362 2957
137 230 11149
137 443 19342
137 520 2962
137 420 43922
137 233 11158
137 459 2968
137 332 43928
138 230 43931
138 240 27547
139 147 2974
139 146 19360
140 147 2978
140 148 11171
140 142 35747
140 150 2979
140 146 19364
140 299 27556
140 267 35751
140 354 2983
140 504 19367
140 143 2984
140 300 35757
140 349 35760
140 719 35763
140 152 35765
140 332 11190
140 329 43965
140 649 11198
140 396 27582
140 720 3012
140 573 19398
140 721 35783
140 505 19400
140 145 27592
140 149 11208
140 722 35784
140 314 43977
140 312 19402
140 313 43982
140 333 27600
141 354 35793
141 723 27601
141 719 19409
141 142 35794
141 146 19411
141 152 3028
142 143 43991
142 354 27607
142 152 3032
142 723 19417
142 649 35802
142 591 43994
142 404 43995
142 147 19422
142 148 3040
142 150 11234
142 146 35813
142 724 27621
142 443 3047
142 313 19434
142 504 3053
142 355 3054
142 332 44014
142 578 3055
143 723 11248
143 147 27633
143 239 27634
143 146 35828
143 725 19446
143 726 27638
143 633 27641
143 504 27645
143 332 27646
143 413 11266
143 727 44035
143 396 27651
143 591 3076
143 381 19461
143 728 27654
143 729 11270
143 730 19462
143 590 44039
143 411 19464
143 299 27658
143 410 3083
143 276 44043
143 731 19470
144 559 44047
144 732 35855
144 387 27665
144 733 11281
144 734 19474
144 364 11283
144 556 35859
145 371 35861
145 416 19479
145 331 44055
145 735 3096
145 146 27673
145 736 27675
145 267 3099
145 241 27677
145 573 11294
145 185 19489
145 237 19491
145 354 44068
145 150 19493
145 372 44073
145 152 3115
146 371 3118
146 573 11310
146 147 19503
146 354 27696
146 150 27698
146 332 19508
146 185 19512
146 737 27706
146 148 19520
146 505 27715
146 149 3141
146 362 11334
146 316 19530
146 239 44107
146 428 44108
146 229 19532
146 152 35916
147 152 3149
147 314 44109
147 183 3153
147 150 11346
147 738 3156
147 239 27738
147 573 35930
147 507 3165
147 739 35934
147 354 11358
147 720 11359
147 396 11362
148 206 35939
148 573 27749
148 364 11365
148 719 3174
148 378 11367
148 152 44136
149 267 3177
149 721 44138
149 737 35947
149 371 3179
149 573 44139
149 185 27756
149 505 35949
149 150 35951
149 152 44143
149 692 35953
150 152 44147
150 354 27764
150 573 19572
150 241 44149
150 540 27768
150 183 19576
150 243 35962
150 404 35965
150 578 27774
151 241 11392
152 739 3201
152 267 44163
152 371 11396
152 735 3205
152 559 11397
152 300 19590
152 557 35975
152 243 19592
152 737 11402
152 573 11403
152 740 35992
152 741 11419
152 185 35995
152 723 19614
152 742 35999
153 396 44192
153 743 3236
153 744 11430
153 412 3246
153 745 3247
153 746 27826
153 747 3252
153 356 36021
153 590 11447
153 748 36023
153 591 27831
154 218 36027
155 377 19643
155 237 19648
155 677 11457
155 362 36033
155 445 19649
155 346 3266
155 415 36034
155 586 27843
155 344 44229
155 418 3270
155 585 11462
155 375 36041
155 378 11465
156 269 27854
156 687 19666
156 702 19672
156 662 36057
156 268 19675
157 335 44256
157 741 36065
157 246 27874
157 332 36067
157 333 19684
157 749 19685
158 750 11496
158 751 44265
158 661 11497
158 752 36077
158 391 19697
158 753 27893
158 395 3320
158 754 19706
158 183 3325
158 755 27902
158 649 27903
159 756 3328
159 434 44288
160 757 36096
160 758 19713
160 759 27907
161 190 11524
161 183 27908
161 185 36101
161 584 19718
162 584 36107
162 176 11532
162 196 27917
162 327 3341
162 197 36111
162 401 44304
162 699 11538
162 297 27924
162 198 44308
163 633 27925
163 351 36117
163 760 3349
163 489 11541
163 322 11542
164 271 19735
164 173 3352
164 167 27928
164 168 3353
164 322 11546
164 165 3356
165 239 11549
165 172 44317
165 174 3357
165 167 19741
165 563 27935
165 166 11553
165 168 3363
165 297 36132
166 182 36133
166 492 36134
166 168 11558
166 361 36135
166 178 27944
167 237 44333
167 532 36144
168 237 19760
168 563 27953
168 322 19766
168 691 36153
168 532 19771
170 490 44348
171 501 11581
171 584 44352
172 297 3393
172 563 36166
176 390 19782
176 584 27978
176 181 27979
176 220 44363
176 197 19787
176 196 27980
176 761 11599
176 182 3407
176 198 36178
176 327 11604
177 584 3412
177 182 11606
178 244 11607
179 280 44379
179 669 11612
181 344 27996
181 549 3422
181 314 36191
181 197 27999
182 231 11617
182 234 28001
182 241 36194
182 237 11618
182 277 44388
182 762 3429
182 532 19813
182 296 19820
182 563 19822
182 287 19827
182 763 19828
182 292 11637
183 567 19830
183 187 19831
183 764 19834
183 700 11642
183 625 3450
183 384 3451
183 359 28028
183 189 36221
183 393 19838
183 381 36224
183 715 11656
183 341 36233
183 724 44425
183 726 36234
183 367 19853
183 191 36238
183 551 19854
183 765 3472
183 566 36240
183 602 11665
183 604 44435
183 766 19861
183 190 3478
183 185 28055
184 185 44444
184 269 36254
184 572 44446
184 189 19871
184 191 44449
184 579 11681
184 206 11683
185 371 3492
185 559 19876
185 300 44453
185 742 36261
185 416 3494
185 573 19880
185 329 3499
185 354 11696
185 364 19889
185 389 44465
185 736 28082
185 767 36275
185 569 36277
185 331 36278
185 578 36283
185 267 28092
185 190 3518
186 580 44479
186 603 11717
186 549 3528
186 711 44489
186 768 11721
186 429 19914
186 639 44491
186 638 44492
186 414 44494
187 466 11728
187 567 19922
187 766 11731
187 396 28118
187 589 3542
188 769 36310
188 660 44503
188 455 44505
188 588 44506
188 770 36314
188 654 28127
188 467 19936
188 771 36320
188 562 11746
188 772 36324
188 663 44519
188 578 36330
189 454 11754
189 191 3566
189 773 11761
189 464 11762
189 623 3573
189 602 36342
189 622 11770
189 578 28158
189 774 11774
190 567 36353
190 566 28162
190 573 44547
191 454 44548
191 464 3588
191 316 44554
191 622 28171
192 698 19980
192 775 3598
192 776 36367
192 248 44562
192 503 3603
192 446 44563
192 206 11796
192 288 36373
192 224 44571
192 323 36380
193 363 44575
193 328 11807
193 361 3617
193 592 11810
193 222 44579
193 215 3622
193 594 3623
193 401 44584
193 196 20009
193 775 20010
193 518 3629
193 600 3630
193 601 20014
193 599 3631
193 212 11824
193 446 3634
193 219 20018
193 204 3635
194 705 11829
194 196 11831
194 210 36409
194 293 11836
194 263 20028
194 649 36413
194 325 11837
194 439 3646
194 361 44607
194 390 3651
194 317 44612
194 204 11845
194 400 28232
194 777 11849
195 694 36428
195 778 44621
195 255 20045
195 675 36430
195 489 20046
195 671 20047
196 269 20048
196 333 44625
196 237 44626
196 678 11860
196 599 28244
196 220 3670
196 779 20054
196 274 20057
196 201 20059
196 390 44636
196 197 36444
196 204 11868
196 780 3679
196 263 20065
196 317 28257
196 473 44641
196 289 36450
196 472 20066
196 212 28259
196 327 44644
196 207 20072
196 691 36461
196 777 20079
196 439 36464
196 214 3696
196 781 3697
196 446 44658
196 361 11892
196 210 11893
196 364 44661
196 695 20088
196 218 3705
197 204 20090
197 327 36476
197 782 44671
197 220 44675
197 390 36486
197 289 28295
197 780 20104
197 212 11913
198 775 11918
198 512 44686
198 222 36496
198 205 36498
198 215 3731
198 629 44692
198 327 44693
198 207 28313
198 401 3737
198 584 44697
198 647 3738
198 441 36507
198 212 11932
198 594 3740
198 204 20125
198 695 3745
198 206 3747
198 783 36515
198 780 11940
198 698 11941
198 219 20134
198 642 36519
199 784 28329
199 785 28331
199 289 20139
199 687 20140
199 725 11948
199 286 3757
199 363 11949
199 786 3758
199 215 20143
199 221 3760
199 780 11957
199 216 11958
199 649 11959
199 218 28345
200 219 20154
200 641 11962
200 645 44732
200 596 36541
200 646 11966
200 642 20159
200 787 44737
200 643 20161
200 271 44740
200 647 20170
200 545 28363
200 470 44747
200 333 20172
200 692 28369
200 788 36561
200 617 20178
200 284 36566
200 259 28375
200 205 11993
201 258 28378
201 335 20186
201 233 36572
201 650 28381
201 202 11998
201 206 36578
201 361 3812
201 438 28389
201 291 12007
201 274 44777
201 293 44778
201 218 12012
201 325 36588
201 474 28400
201 336 44784
202 258 44785
202 335 20210
202 251 12020
202 399 20213
202 348 12022
202 586 20214
202 214 28407
202 321 20216
202 474 12026
203 291 3834
203 503 20220
203 371 36604
203 416 28412
203 573 28413
203 332 3839
203 263 36608
203 789 12033
203 206 28417
203 323 36610
204 233 44802
204 272 44809
204 335 44812
204 378 28429
204 390 36625
204 217 20246
204 790 20249
204 293 12057
204 205 36635
204 361 28443
204 251 36637
204 211 3876
204 210 12068
204 438 12070
204 209 20263
204 274 12072
204 207 28460
204 594 12076
204 791 12081
204 216 28467
204 263 44862
204 213 36672
204 291 44867
204 218 20292
204 446 20293
204 503 36677
204 214 28485
204 328 20296
204 472 36680
205 401 36681
205 446 28490
205 217 44876
205 212 20304
205 219 12115
205 208 28499
205 594 28500
205 648 12116
205 792 20311
205 222 3927
205 211 12119
205 336 3929
205 783 44890
205 390 20315
205 216 12126
205 207 3935
205 289 3936
205 291 12134
205 210 20327
205 698 3944
205 274 12137
205 215 36713
206 695 20330
206 214 3951
206 263 12144
206 210 20336
206 322 44913
206 215 28529
206 222 20337
206 446 44914
206 439 20338
206 327 20340
206 400 12150
206 213 28534
206 361 36728
207 213 12153
207 390 28537
207 473 44923
207 212 20347
207 364 36731
207 629 12157
207 216 36735
207 698 20351
207 327 36737
208 468 20354
208 792 3973
208 219 28551
208 212 44936
208 446 3978
208 274 12170
208 648 20363
208 343 12171
208 596 20369
209 404 28561
209 215 12177
209 596 20371
209 218 3990
210 404 36758
210 672 28568
210 676 3992
210 425 20381
210 233 44958
210 274 20390
210 439 20394
210 446 36779
210 322 44972
210 361 36781
210 400 28589
210 214 44973
210 698 4014
210 642 36782
211 578 12206
211 212 12209
211 219 4020
211 401 12212
211 289 44981
211 698 12222
211 792 12224
211 680 12226
211 781 44995
211 215 12228
212 793 20420
212 222 12230
212 401 20426
212 560 4043
212 219 20428
212 215 20430
212 213 12239
212 698 28624
212 441 20434
212 794 36819
212 328 12245
212 792 28630
212 216 45017
212 472 36827
212 795 20443
212 327 20447
213 366 45023
213 677 45025
213 286 28643
213 793 36835
213 472 12259
213 437 20453
213 284 12262
213 364 4070
213 796 4071
213 797 36841
213 307 45034
213 474 20464
214 688 45040
214 692 45043
214 243 4086
214 429 28664
214 293 36857
214 361 45050
214 438 36859
214 263 12283
214 503 45054
214 650 4095
214 274 20481
215 592 12291
215 289 4101
215 219 45063
215 216 20488
215 363 20491
215 221 36875
215 780 4110
215 642 36881
215 786 45074
215 222 28697
215 401 20508
215 698 20515
215 218 4133
215 518 28710
215 594 36902
216 780 28711
216 599 4136
216 219 20520
216 289 28713
216 390 20521
216 439 36909
216 221 20529
216 642 4145
216 786 12338
216 218 45108
216 696 36917
216 798 45109
217 545 4150
217 775 12342
217 243 36919
217 501 45111
217 221 28727
217 293 12344
217 794 4153
218 799 4154
218 578 12352
218 363 4161
218 780 20547
218 599 12355
218 274 45127
218 629 20553
218 335 45133
218 532 4179
218 439 28757
218 640 12374
219 401 36950
219 725 36954
219 698 4190
219 695 28767
219 472 12383
219 592 20581
219 650 4198
219 792 20582
219 800 12392
219 222 45161
219 595 4202
219 696 12396
219 692 36974
219 801 28782
219 289 20591
219 790 36975
220 390 12399
220 802 45169
221 555 4213
221 599 28789
221 786 28793
221 363 36986
221 780 28796
221 289 20607
221 647 36991
222 592 45184
222 742 36992
222 803 12418
222 804 20615
222 594 12426
223 549 20619
223 678 28812
223 495 45197
223 805 4238
224 495 12431
224 806 4240
224 355 28816
224 674 4241
224 675 28817
225 806 45201
226 528 45202
227 807 12436
227 532 4244
227 324 12440
227 410 28824
227 578 20635
227 518 28832
227 378 28835
227 368 4263
228 808 28840
228 399 45225
228 241 12457
228 404 28843
228 340 20655
228 271 28849
228 314 20658
229 454 4275
230 298 4276
230 443 37044
230 775 12469
230 809 45237
230 239 20663
230 613 45240
230 240 12472
230 233 12476
231 240 4284
231 243 45247
231 254 37057
231 810 12482
231 346 20674
231 334 28867
233 238 20676
233 444 4296
233 282 20681
233 692 37066
233 243 45258
233 254 45265
233 811 4305
233 306 45267
233 812 12500
233 239 37076
233 813 4309
233 305 4310
233 814 20695
233 534 12504
233 815 37080
233 633 28888
233 660 12505
233 590 4314
233 439 28890
233 816 12507
233 378 12508
233 585 45277
233 711 4320
233 240 45283
233 607 20708
233 235 4325
233 255 12517
234 817 45288
234 376 20713
235 541 28906
235 662 37098
235 305 45291
235 568 12523
235 415 12524
235 452 45293
235 458 20718
235 456 4335
235 818 37105
235 257 20722
237 819 4338
237 340 4341
237 316 28917
237 705 12535
237 305 12536
237 585 37114
237 631 45306
237 633 4346
237 820 20731
237 702 4349
237 269 45309
237 707 45315
237 624 20743
237 444 4362
237 821 12555
237 464 12556
237 822 20750
237 532 45329
237 503 4372
237 355 12571
238 709 28962
238 564 12578
238 453 37156
238 823 4389
238 428 37158
238 824 4390
238 513 20776
238 460 28968
238 487 28970
238 447 20779
239 590 37165
239 504 28973
239 243 37168
239 434 45361
239 306 4402
239 812 12594
239 825 45364
239 813 12598
239 330 45367
239 591 20793
240 443 12603
240 826 28988
240 776 45374
240 444 4421
240 440 45381
240 405 45383
240 248 29000
240 306 37194
241 340 29004
241 484 12620
241 466 4432
241 243 45397
241 367 4437
241 456 37207
241 415 20825
241 316 4443
241 827 12635
241 452 45403
241 475 20827
241 269 4445
241 588 29021
241 585 37214
241 392 29022
242 828 12640
242 418 20832
242 578 29024
243 396 45411
243 431 37224
243 829 29033
243 830 12649
243 303 20844
243 826 20845
243 332 4463
243 591 37231
243 831 20848
243 633 29041
243 373 37234
243 588 20851
243 452 12663
243 504 29047
244 378 45432
244 832 45435
244 470 45439
244 501 45442
245 354 12678
245 335 20870
245 246 37254
245 250 4488
245 248 45449
246 362 37257
246 399 20873
246 585 20874
246 250 20877
248 331 37264
248 775 45459
248 379 20886
248 392 29078
248 443 45463
248 833 37273
248 809 4506
248 834 45466
248 512 29082
248 555 45468
249 306 12702
250 367 37279
250 687 4512
250 252 29088
250 429 37282
250 702 4514
250 284 4515
251 333 45476
251 420 37285
251 258 20903
251 331 37288
251 437 45481
251 335 12716
251 835 37292
252 321 20909
252 711 45491
252 306 4533
252 433 12725
254 677 29110
254 810 4536
254 585 20921
254 334 45497
254 338 20924
254 346 45502
254 259 37310
254 269 4543
255 333 37321
255 836 20940
255 367 12751
255 837 45521
255 838 20947
255 489 12755
255 839 12756
255 694 4564
255 277 4565
255 355 4566
255 287 45529
256 269 20956
256 614 4573
256 572 45535
256 612 12771
256 716 4581
256 499 4583
256 659 45544
256 769 4585
256 840 29161
256 841 12777
256 842 20970
257 458 29165
257 354 4593
257 316 45556
257 660 12789
257 843 4598
257 568 29175
257 844 20985
257 369 29178
257 423 37373
258 348 12798
259 672 37375
259 666 29183
259 333 20991
259 420 37376
259 472 37377
259 293 45570
259 305 4614
260 418 29190
260 718 12807
260 845 45575
260 846 20999
260 755 45576
260 458 37384
262 377 12811
262 368 45579
263 439 12812
263 288 29197
263 503 29198
263 446 12814
264 847 12815
264 848 4626
264 447 37395
264 849 45588
264 564 29206
265 307 21015
265 272 45594
265 850 29210
265 284 21022
266 598 37407
266 376 12831
267 851 29217
267 557 45602
267 710 12837
267 852 21031
267 573 12841
267 556 12842
267 300 21035
267 503 12848
267 719 29234
267 341 37427
268 425 37428
268 316 12854
268 368 45622
268 659 4663
268 657 4664
268 369 45625
268 767 45628
268 452 29249
268 365 29250
268 354 21059
268 358 12868
268 663 29253
268 395 29255
268 362 45639
268 853 12874
268 415 12875
268 568 37451
268 340 21069
269 711 21073
269 702 37461
269 854 12887
269 855 37463
269 614 4698
269 701 37468
269 588 12893
270 585 37470
270 815 45662
270 351 45664
270 856 12896
270 620 12897
270 857 37475
270 829 12900
270 399 12903
270 378 21098
270 816 37482
270 632 12906
270 858 21099
271 859 37487
271 860 12912
271 861 29298
271 392 29299
271 333 45684
271 750 37493
271 404 4729
271 434 37497
271 356 45689
271 355 4731
271 372 21115
271 314 37500
271 398 21120
271 836 21121
273 501 29313
273 862 37506
273 689 45699
273 355 45700
274 470 12933
274 594 21126
274 446 12934
274 695 37510
274 437 21128
274 390 37512
274 593 12937
274 327 4748
274 863 21133
274 439 4757
274 382 4762
275 415 37531
275 864 45723
275 451 4765
275 378 12957
275 279 21149
275 458 12959
275 353 37535
276 756 45727
276 859 45730
276 388 4772
276 865 12965
276 413 4774
276 591 29351
276 393 45741
276 458 29358
276 299 45747
276 866 12979
276 333 4787
276 414 12980
277 694 45748
277 323 45749
277 867 21175
278 847 21176
278 824 12986
278 868 29371
278 554 12988
278 564 29373
278 869 29374
278 870 21183
278 871 21185
278 848 45762
279 872 12995
279 568 21187
279 415 45767
279 654 12999
279 598 45768
279 417 4809
279 372 21194
279 451 45771
280 372 45772
280 392 21200
280 532 13009
280 671 37586
280 694 13017
281 339 29403
282 485 29404
282 510 21212
282 430 37598
282 426 4833
282 427 45793
282 444 21219
283 495 4837
283 355 45798
284 729 21222
284 591 21224
284 686 13032
284 725 45801
284 434 4842
284 542 4843
284 393 37613
284 543 13039
284 429 45807
284 329 29424
284 420 13042
285 540 37618
285 485 29427
285 506 37621
285 500 21240
285 508 13049
286 289 29434
287 873 21246
287 565 37631
287 346 29440
287 874 21249
287 295 45828
287 875 37636
287 367 13062
287 876 4872
287 877 4873
287 878 13071
287 879 37649
287 489 37651
287 839 13075
289 584 21268
289 401 13079
289 780 37655
289 781 29466
289 786 29468
289 327 13090
290 671 21282
290 355 37668
290 693 4906
290 880 29482
290 837 21291
290 694 45868
290 838 21293
290 495 37677
290 668 21294
291 446 4911
291 592 13104
291 336 37682
291 322 29491
291 725 13108
291 547 21300
293 414 4917
293 783 4918
295 495 37688
295 875 37689
296 308 13114
296 881 37696
297 882 37697
297 699 37699
297 441 29510
297 584 13127
297 877 4937
298 429 37705
298 590 29514
298 443 45898
298 883 21322
298 884 29515
299 756 37708
299 726 45900
299 431 13133
299 542 29517
299 398 45902
299 730 37713
299 332 29521
299 393 45905
299 396 29522
299 590 21331
299 552 29527
299 885 37723
299 886 4956
299 410 21341
299 788 4958
299 434 29534
299 571 45921
299 887 4961
299 888 4962
299 389 4963
299 884 13156
299 729 21350
299 725 45927
299 316 37736
299 429 4968
299 386 45929
299 409 37737
299 333 21354
299 504 37742
300 573 37744
300 392 45937
300 545 29554
300 371 4979
300 688 13171
300 414 21364
301 482 37750
301 849 29558
301 847 37751
301 331 21368
302 811 37752
303 380 29560
303 341 45945
303 468 21369
303 382 37754
303 889 29563
303 384 29564
303 385 37758
303 387 45951
303 890 29567
303 891 21377
303 322 37763
303 892 21379
303 893 37765
303 393 45958
303 894 4998
303 895 29577
303 383 45962
303 381 5002
303 386 45964
303 896 5006
303 439 5007
304 897 37775
304 329 29584
305 308 13200
305 676 29587
305 330 37779
305 729 5013
305 393 29590
305 520 37784
305 307 13209
305 438 29593
306 311 21406
306 687 37791
306 898 13218
306 899 37795
306 900 45989
306 749 29606
307 901 37799
307 438 29608
307 435 45992
308 761 21417
308 339 45994
308 658 5034
308 378 29611
308 456 37806
308 844 29616
308 817 37810
308 358 29619
308 534 46004
308 458 5044
308 425 21433
308 541 21435
308 881 21436
308 551 5054
308 452 21441
309 413 37825
309 479 21443
310 902 5062
310 311 21453
310 903 13262
310 312 5070
311 312 29649
311 329 37842
311 314 21460
311 899 37845
312 904 5078
312 905 37848
312 906 13272
312 555 5087
312 907 21471
312 860 46047
312 908 37857
312 329 29665
313 795 13283
313 315 46052
313 404 21479
313 397 21480
313 712 46057
313 909 5097
313 910 29673
313 457 21482
313 911 46061
313 350 21487
313 711 21489
313 378 5106
313 765 21494
313 718 46070
314 458 13303
314 902 21498
314 912 37883
314 527 5118
314 523 13311
314 466 5127
314 558 13321
314 438 29705
315 795 5130
315 457 21515
315 611 37900
315 348 46093
315 396 13326
315 712 21519
315 468 29713
316 368 29716
316 339 13337
316 354 5147
316 913 37915
316 349 13340
316 827 29725
316 415 37918
316 495 29728
316 532 21537
316 914 37921
316 515 46113
316 378 21541
316 562 13355
316 409 46123
316 358 21548
316 707 29743
316 662 5168
317 599 29746
317 780 21555
317 322 29747
317 321 37940
319 915 46133
320 697 29750
320 323 46136
320 326 21563
320 517 37947
320 321 21565
321 916 5182
321 692 21567
321 429 37952
321 363 46145
321 697 5185
321 324 29762
321 322 5188
321 442 37956
321 323 13380
321 325 46150
321 435 21575
322 568 46157
322 442 21582
322 917 29777
322 400 5203
322 446 13395
322 438 46172
322 915 21596
322 390 21599
322 325 46176
322 439 37985
322 336 29795
323 697 21603
323 640 5220
323 326 13413
324 372 21605
324 666 21607
324 325 5223
325 328 5224
325 363 13416
326 918 37994
326 629 46188
326 681 5228
327 592 5230
327 578 5236
327 584 13431
327 390 46199
327 629 13432
327 401 5241
327 595 46201
327 780 38011
328 363 29820
329 333 13437
329 581 29821
329 673 46206
329 420 29822
329 415 29825
329 433 46210
329 331 21637
329 543 46215
329 335 13451
329 355 21646
329 542 46224
329 384 38034
329 332 38036
330 375 29845
330 881 46231
330 378 38039
330 585 46232
330 919 38040
330 711 21656
331 333 13465
331 420 13466
331 339 29853
331 564 46237
331 336 38046
331 433 5281
331 423 38050
331 543 21668
331 775 29864
331 384 38060
331 827 5293
332 412 38063
332 431 46258
332 393 5299
332 591 21686
332 407 13495
332 504 21689
332 383 29883
332 730 13501
332 386 38079
332 396 29887
332 724 46274
332 389 29891
332 920 21700
332 434 21706
332 543 13515
332 905 29899
332 381 5325
332 895 38094
332 893 29904
333 336 13521
333 532 5330
333 543 29907
333 545 13525
333 420 5337
333 372 46304
333 658 21729
333 574 13537
333 861 13539
333 921 5350
333 434 21736
333 390 21737
333 558 38123
333 870 46316
333 641 13549
333 335 46319
333 922 13551
333 337 5360
333 364 46322
333 470 29943
333 564 46329
333 381 21754
333 513 46333
333 384 21760
333 466 29952
333 743 46336
333 457 46338
333 410 29955
333 489 21763
334 923 46343
334 354 29960
334 368 13576
334 810 5387
334 612 5388
334 924 5389
334 608 13583
334 457 46355
334 376 21782
334 925 29975
334 634 21784
335 543 46362
335 420 38171
335 650 21789
335 532 5405
335 926 29984
336 908 46370
336 620 13604
336 469 5416
337 927 5418
337 383 46379
337 433 21804
337 409 13612
337 356 21806
337 468 13614
337 778 5423
337 503 21807
338 354 46384
338 603 30003
338 638 21812
338 587 5428
338 661 46389
338 429 38198
339 928 38201
339 554 21817
339 340 21819
339 354 21821
339 761 30014
339 929 13630
339 930 46400
339 344 46401
339 565 46402
339 931 21830
339 545 30027
339 932 13643
339 368 21837
339 484 5454
339 576 46415
339 933 13650
340 934 21844
340 354 46421
340 658 5461
340 935 13653
340 362 38232
340 365 46425
340 846 30042
340 761 46428
341 384 21852
341 936 5470
341 889 21857
341 896 46436
341 891 30052
341 892 38246
341 736 21864
341 385 46445
341 393 5485
341 937 38254
341 416 21870
341 357 46447
341 573 5488
341 908 46449
341 380 13683
341 890 46451
341 571 38260
341 938 30070
341 364 13689
341 578 5499
341 382 13691
341 884 46461
341 413 5503
341 512 13695
341 389 30079
341 371 5507
342 881 30083
343 446 46467
343 400 13699
343 698 46471
344 677 13704
344 489 5512
344 568 21898
344 660 38282
344 541 30091
344 939 5516
344 564 38285
344 466 30094
344 415 5522
344 549 13714
345 350 13719
346 418 46490
346 399 46496
346 551 30112
346 368 38305
346 375 30118
347 590 30119
347 940 21929
347 941 5548
347 942 38317
347 356 30126
347 943 21934
347 743 13746
347 944 13747
347 746 46515
347 945 5557
347 946 13750
347 748 30134
348 445 5559
348 611 38328
348 585 30138
349 947 5562
349 523 21948
349 362 30143
350 948 30145
350 711 38337
350 949 5571
350 366 30149
351 632 30150
351 727 46535
351 705 5575
351 368 30151
351 687 38345
351 829 30153
351 554 38350
351 870 13776
351 844 13778
352 660 5587
352 588 5588
352 950 13780
352 467 5589
352 562 21974
352 455 30167
352 769 13784
352 656 46554
352 951 38363
352 654 30171
352 952 38365
352 953 5599
353 538 30180
353 568 30181
353 501 5606
353 954 5610
353 578 21994
353 392 38378
353 841 30189
354 356 38381
354 415 38383
354 368 5615
354 930 22004
354 399 46583
354 573 46587
354 859 13819
354 767 30205
354 371 13825
354 505 22017
354 365 46596
354 720 5639
354 358 46599
354 955 46600
355 357 5641
355 356 22026
355 956 38412
355 666 46606
355 957 38416
355 958 5652
355 501 38422
355 392 46616
355 468 13848
355 402 5656
355 489 5657
355 495 30234
355 694 13851
355 693 38427
355 367 22043
355 416 5663
355 532 30239
355 691 13855
355 959 22048
355 838 30242
355 668 38435
355 671 22052
355 874 46630
356 591 46631
356 543 13863
356 407 5672
356 725 13865
356 389 30250
356 590 5676
356 945 30253
356 724 30255
356 744 5680
356 399 38449
356 586 13873
356 946 13879
356 960 5690
356 747 22075
356 961 46655
356 745 38469
356 468 5704
356 392 22092
356 410 46668
356 905 46672
356 470 38480
356 750 13905
356 552 22098
356 414 46674
357 889 38483
357 383 5716
357 416 46676
357 891 30292
357 896 46677
358 452 46678
358 369 30296
358 921 30297
358 378 38490
358 750 13914
358 515 30301
358 769 13918
358 707 30304
358 962 13923
358 425 46694
358 548 22118
359 521 22119
359 711 22120
359 765 46696
360 472 5738
360 361 13930
361 796 38506
361 400 46700
361 436 38510
362 466 46704
362 963 22128
362 523 13937
362 432 38513
362 544 38515
363 786 46707
363 441 30324
364 472 46708
365 767 38516
365 954 30326
365 369 5751
365 962 38520
367 688 5753
367 687 13945
367 672 30329
367 767 30330
367 468 38527
367 470 13951
367 675 46720
367 964 46721
367 495 13958
367 965 38535
367 532 30343
367 838 30344
367 489 13961
367 966 30346
367 693 38541
367 879 22159
368 369 46736
368 962 38546
368 392 46738
368 864 38548
368 660 22165
368 372 13974
368 953 30358
368 415 5784
368 929 22168
369 954 38552
369 452 30361
369 579 13982
370 395 30368
370 872 46753
370 609 13986
370 417 22178
371 416 5795
371 503 22182
371 736 22185
372 538 46762
372 378 30378
372 467 22189
372 730 5808
373 704 14000
373 429 22194
375 391 22196
376 454 38584
376 612 5817
376 417 5818
376 608 22203
376 967 46780
376 634 30403
376 968 5828
376 610 38600
376 734 38602
376 969 46795
376 397 5836
376 970 30413
376 421 30421
376 630 22233
376 403 46810
376 971 5850
376 606 30428
376 457 22241
376 872 38625
376 429 14050
376 378 46818
377 972 5859
377 585 46820
377 445 22244
377 429 5862
377 882 14054
377 973 30439
378 753 5863
378 454 30440
378 661 30442
378 391 30443
378 585 5867
378 648 46829
378 413 5870
378 588 22255
378 974 5875
378 390 38644
378 975 5879
378 713 30461
378 389 22269
378 467 5886
378 750 22271
378 662 46847
379 833 38655
379 809 5890
379 659 22276
380 385 46854
380 784 22278
380 381 5895
380 382 46857
380 976 14090
380 387 46861
381 393 22286
381 504 5908
381 384 46870
381 387 5910
381 383 14102
381 382 46872
381 385 5914
381 890 22298
381 591 38685
381 730 5924
381 386 5926
381 784 38694
381 413 30504
381 552 5932
381 892 38701
382 387 5941
382 784 30519
382 936 38713
382 384 30521
382 385 46907
382 383 5949
382 386 46909
382 977 22335
382 890 30528
382 578 14146
382 593 38725
383 384 5957
383 386 46921
383 387 5961
383 504 30538
383 884 30542
384 892 30543
384 385 14160
384 386 14161
384 393 22354
384 938 14162
384 387 30547
384 784 22355
384 409 22356
384 896 14165
384 543 14169
384 407 14171
384 796 38748
384 578 14174
384 891 30559
385 890 38751
385 726 5985
385 386 46945
385 784 22369
385 393 30565
385 387 22376
385 896 30569
386 730 22378
386 504 14187
386 387 22382
387 938 38767
387 591 30576
388 404 6001
388 859 22385
388 890 14197
388 958 22389
388 833 30581
388 591 38774
388 396 46967
389 726 22392
389 434 6012
389 410 14206
389 809 14207
389 884 22400
389 413 46976
389 633 30593
389 788 22402
389 431 46979
389 729 38790
389 396 6022
389 724 22409
389 978 30601
389 885 6027
389 542 30607
389 886 14223
389 756 6032
389 552 46995
389 571 22419
389 887 38805
389 888 6037
390 725 6039
390 802 30620
390 446 47007
390 786 38821
390 584 30632
390 781 47016
391 752 14249
391 657 30633
391 458 30635
391 418 47022
391 979 30639
391 835 47023
391 840 6065
392 980 38834
392 538 30643
392 902 6067
392 953 47029
392 846 14264
393 504 47032
393 892 14266
393 730 38843
393 895 22460
393 893 22462
393 981 38848
393 920 30657
393 894 22467
393 976 30661
393 982 22469
393 983 47047
393 439 6088
393 443 30665
395 661 22473
395 753 47051
395 752 22478
395 767 47056
395 984 47057
395 846 30674
396 745 47062
396 944 30679
396 412 47064
396 743 30681
396 434 6106
396 756 6107
396 504 38875
396 552 47069
396 410 22497
396 985 47073
396 986 6114
396 958 38882
396 890 6116
396 571 14308
396 724 38885
396 466 14310
396 943 14314
396 747 6124
396 542 22509
396 748 47087
396 892 6127
397 457 6128
397 421 30706
397 468 6131
398 976 30714
398 756 38908
398 942 14333
398 958 6141
399 840 22525
399 960 14334
399 572 38912
399 701 30721
400 574 38915
400 581 47108
401 987 14340
401 699 47112
401 584 38921
401 436 30730
401 698 38923
401 802 30733
401 441 22541
401 798 30735
402 988 14353
402 657 6162
402 434 30738
402 905 30739
402 989 30740
403 578 38933
403 697 6168
403 545 22556
403 968 38941
403 468 38942
404 573 30752
404 434 6177
404 677 38946
404 990 14373
405 429 6182
406 731 22567
406 407 30763
406 408 6187
407 408 47148
407 411 47150
407 991 47151
407 410 6193
407 775 47154
407 552 14389
407 730 6199
407 992 47159
408 904 38968
408 731 47160
408 409 14395
408 908 14396
408 646 47165
408 775 38976
408 725 14402
409 892 6210
409 431 22597
409 591 14405
409 705 6213
409 726 30790
409 410 14407
409 411 22600
409 434 6218
409 729 38986
409 859 47179
410 726 22609
410 892 38999
410 993 6233
410 434 39004
410 413 22623
410 788 47201
410 543 22625
410 411 47204
410 542 39014
410 937 6248
410 431 6249
411 540 14442
411 552 6255
411 773 14447
412 590 47215
412 943 14448
412 743 30835
412 745 14452
412 552 47221
412 413 6263
412 726 30840
412 724 39032
413 983 14457
413 884 22652
413 590 30844
413 724 22654
413 552 14465
414 749 47235
414 434 39043
415 914 30854
415 827 6278
415 652 39048
415 662 22665
415 549 39049
415 452 30859
415 507 14476
415 538 6286
415 535 30863
415 705 30864
415 568 47250
416 851 39058
416 573 47251
417 872 22677
417 750 14486
417 457 30872
417 612 14489
418 994 39067
418 484 47261
418 605 47263
418 995 47264
418 523 47265
418 755 47266
419 848 39074
419 486 47268
419 808 39081
419 564 6313
419 513 14505
419 460 6315
420 543 39084
420 574 30892
420 775 39086
421 609 14512
422 824 47281
422 957 47282
422 996 39094
422 554 22710
422 564 30902
422 447 14518
423 997 30903
423 660 22711
425 659 14522
425 840 39103
425 929 6338
425 430 47298
425 817 14531
427 508 30917
427 507 6341
427 998 6343
427 509 47303
427 908 39112
427 476 22729
427 864 14542
427 999 14545
427 500 14546
427 868 39126
427 1000 39127
427 517 30935
429 454 47319
429 898 6360
429 884 14554
429 1001 47323
429 554 22747
429 460 6364
429 919 39133
429 543 39134
429 817 22751
429 775 22752
429 520 14561
429 546 30946
429 632 14563
429 1002 6371
430 497 39139
430 500 39141
430 499 47333
430 485 30949
430 510 6373
431 756 47335
431 904 47336
431 892 6379
431 1003 47345
432 932 39154
432 963 6387
432 907 22773
432 1004 30965
432 1005 6392
432 860 39161
432 610 14586
432 822 39163
433 687 47355
433 543 47368
433 927 14603
433 802 14604
434 886 47373
434 571 22800
434 887 14611
434 788 47379
434 726 6419
434 542 47383
434 993 22807
434 885 6426
434 552 31002
434 756 22811
434 888 14621
434 884 47390
434 729 31007
434 748 22816
434 636 39202
434 540 39204
434 724 39205
434 468 31016
434 687 6440
434 504 14633
435 691 22826
437 439 14636
438 729 14644
438 501 47412
438 725 22837
438 552 14646
439 1006 39222
439 650 39226
440 444 31038
440 640 14655
441 882 22847
441 699 22848
441 698 47426
441 517 22851
441 806 6468
441 584 31045
443 809 39240
443 775 14664
443 834 47432
443 749 31049
443 444 22861
443 504 14670
443 539 31054
445 586 47442
445 451 39252
445 588 14676
445 461 14679
445 448 39255
445 568 39256
446 468 14681
446 695 31066
446 915 14685
446 594 6494
446 641 22882
447 824 14690
447 484 6502
447 564 47463
447 996 6503
447 482 47464
447 1007 31081
447 477 14701
447 475 22894
447 816 47470
449 456 39279
450 459 31089
450 731 39282
451 507 14706
451 772 14707
451 500 14712
451 950 39289
451 1008 31103
451 662 31104
451 538 14722
451 836 47490
452 688 22915
452 657 31110
452 654 22918
452 1009 6534
452 455 6535
452 1010 47496
452 515 47505
452 1011 6547
452 914 31123
452 652 14740
452 656 47508
452 663 31124
452 588 6549
452 662 14741
452 456 31126
453 484 22935
453 564 6552
453 687 14746
454 623 22938
454 821 22943
454 1012 39327
454 624 47523
454 625 47524
454 603 39334
454 1013 14760
454 622 22953
454 621 47531
454 1014 47532
454 604 6573
454 704 6575
454 464 22964
454 598 47540
454 708 31157
454 578 31158
455 588 14777
455 654 39353
455 515 39357
455 660 47550
456 1009 31171
456 817 6595
456 761 39364
457 923 14792
457 468 47563
458 1015 39373
458 1001 47568
458 1016 47569
458 603 31186
458 707 6611
458 548 22996
458 632 47573
458 840 39383
459 1017 6618
459 700 31195
459 1018 14812
459 980 23004
459 1019 39389
459 701 47582
459 840 39391
459 842 23007
460 757 39392
460 533 14820
460 564 31204
460 554 39398
460 1020 47591
460 995 6632
460 471 6637
460 513 31219
460 484 31220
460 1021 6646
460 486 6647
460 848 39418
460 1022 39420
460 922 47614
460 1023 31231
460 477 6656
460 1024 47616
460 1025 14849
460 487 14851
460 1026 47624
460 1027 39433
460 1002 6669
461 632 23053
462 990 31245
462 1009 23058
462 1028 31251
462 818 6677
464 821 39446
464 624 6680
464 774 31259
464 626 39454
464 603 14881
464 1029 31266
464 625 31267
464 1013 39460
465 602 23077
465 545 47660
466 765 23085
466 711 31280
466 549 14897
466 523 23091
466 638 14901
466 1030 31288
466 1031 23097
467 660 14906
467 588 14908
467 770 6718
467 769 14911
467 654 31296
467 952 23104
467 819 6722
467 468 47687
467 549 23114
467 470 39501
467 1010 31309
468 1032 23117
468 932 23119
468 649 6735
468 1033 47695
468 912 47696
468 489 6737
468 836 39514
468 558 23132
468 965 31324
468 573 6749
468 552 39518
470 500 14942
470 810 6751
470 501 14944
470 521 39521
470 836 23137
471 513 14946
471 757 6755
471 808 6756
471 848 39525
471 1034 47722
471 545 39530
472 696 23146
475 709 6764
475 1020 14956
475 1035 39533
475 1007 31342
475 849 39536
475 554 23157
475 483 39542
476 870 31350
476 480 39543
476 485 31352
476 508 6776
476 757 31353
477 996 6778
477 483 31355
477 933 23163
477 1020 14972
477 995 6781
477 1036 23169
477 486 31361
478 564 6785
479 480 31362
479 1037 31363
479 957 23172
479 554 23175
479 481 31371
479 849 6796
479 564 14990
480 1037 39567
480 957 14992
480 483 23186
480 811 39570
480 996 14996
480 875 6805
480 675 47766
481 709 6807
481 1038 39575
481 487 6810
481 663 31389
481 706 47773
481 691 31390
481 564 47777
481 847 15010
481 1039 39588
481 554 47782
482 868 23207
482 849 47784
482 995 15017
483 1040 39593
483 487 15019
483 491 23215
483 522 31409
483 1041 47794
483 497 39602
483 607 47795
483 709 47797
483 484 31415
483 1042 6841
483 1008 23225
483 564 47802
483 499 39610
483 1035 39611
483 1043 47804
483 1022 23229
483 486 31422
483 995 6848
483 869 15040
484 486 47809
484 709 6849
484 564 23233
484 995 23236
484 549 31429
484 870 31431
484 871 39624
484 1024 6857
485 510 47818
485 605 23243
485 508 31435
486 565 6860
486 757 47822
486 922 39633
486 1020 31442
486 995 6867
486 513 6870
486 848 23254
486 1023 31448
486 1036 23257
487 564 6874
487 757 23260
487 1026 15069
487 1044 23262
487 1045 39649
489 495 31458
489 874 6882
489 694 47842
489 675 15075
489 689 47844
489 878 39653
489 1046 39654
490 491 39660
491 497 39663
491 607 39665
491 522 47859
491 1041 15091
491 632 6902
491 517 23287
495 806 15096
495 874 23289
495 689 47865
495 1047 23290
495 875 39675
495 668 23291
495 878 31484
495 694 39676
496 979 23295
497 607 23297
497 1041 15105
498 1048 47875
498 764 15108
498 700 39684
498 979 15110
498 499 39686
499 1001 6918
499 1049 6919
499 701 31496
500 607 15113
500 539 31498
500 506 47883
500 537 6924
500 507 23308
500 562 6925
500 730 31503
500 508 31505
501 660 23314
501 643 6930
501 638 39701
501 821 47893
501 549 6933
501 818 23318
503 505 47896
503 573 15131
503 651 47900
504 1050 31519
504 730 39712
504 893 39713
504 892 47908
504 981 15142
504 920 31528
504 724 39720
504 726 23336
504 895 39723
504 833 39724
504 549 15149
504 552 15151
505 736 23345
505 573 39729
505 741 47923
506 525 47924
506 509 39736
507 509 23355
507 890 47933
507 607 15165
507 562 31551
507 540 23359
507 517 47936
507 999 6977
507 942 47940
508 511 39749
508 755 31557
508 607 31558
508 718 39751
508 509 23367
509 521 31560
509 1050 47946
509 712 39758
512 698 15183
512 908 23375
512 904 39760
512 1051 23377
512 889 31569
512 775 15186
512 809 31570
512 834 47954
512 896 15188
512 833 23383
512 992 23384
513 848 47960
513 808 7003
513 757 15196
513 1034 47966
513 564 15200
514 1052 39777
515 771 7009
518 592 7011
518 594 47972
518 600 31589
518 601 47973
518 599 39789
518 532 31598
518 836 31601
521 765 47994
521 711 47995
521 578 15228
521 1016 47997
521 529 31617
522 607 15233
523 822 48001
523 1053 39810
523 765 7042
523 528 31624
523 570 39816
523 546 23434
524 578 31628
527 902 15245
527 529 7054
527 558 31633
527 912 31636
527 1054 23444
528 765 7063
528 822 48023
528 549 15256
529 558 39835
529 903 39837
530 950 7072
531 881 48034
532 705 31656
532 687 23466
532 1055 15275
532 831 15277
532 680 39854
532 654 48047
533 757 31663
533 612 48049
535 1056 7090
538 950 15283
538 1057 39861
541 549 48054
541 1009 39862
542 756 23478
542 725 23479
542 726 15288
542 552 48059
542 729 7101
542 888 39873
542 833 23491
542 886 39876
543 558 39878
543 617 23494
543 581 7112
543 721 39884
543 687 39887
543 1034 39888
543 709 48081
545 581 31697
545 709 39896
545 721 7129
545 641 48095
546 1053 23521
546 1058 48099
546 569 39907
549 831 39908
549 568 48101
549 564 7142
549 660 23527
549 1059 31721
549 551 39914
549 765 48106
549 816 15339
551 765 23534
552 726 7156
552 885 39925
552 886 31735
552 756 23546
552 788 15356
552 571 7165
552 887 39934
552 888 31742
552 729 15362
552 725 23555
552 730 23556
552 590 23558
552 884 48135
553 568 7176
553 1060 39946
553 663 7179
553 1061 48139
553 853 48141
554 869 15378
554 928 31762
554 849 48148
554 1062 39958
554 1007 23575
554 565 48153
554 709 48154
554 824 23578
554 868 31771
554 564 7196
555 860 7197
555 833 48158
555 687 23583
555 1063 31777
555 1009 48166
555 775 15399
555 592 7212
555 834 15406
556 573 39982
557 573 23599
557 721 23602
557 720 7221
558 912 48183
558 903 31800
558 1054 7225
558 902 31803
559 741 48189
560 1064 15423
561 912 40000
561 902 23616
561 1054 7232
561 1065 7235
561 860 40003
561 1066 48197
562 588 40005
562 654 23623
562 660 31816
562 568 7243
562 769 40011
562 677 15436
562 578 23628
564 996 48206
564 869 31825
564 995 23634
564 762 31827
564 868 31829
564 824 15448
564 849 7256
564 578 31832
564 848 31833
564 709 31835
564 957 40027
564 808 23645
564 660 7265
564 1026 31842
565 816 48227
565 824 40036
565 1038 7268
566 567 31848
566 882 31856
568 656 48240
568 598 15472
568 1061 15474
568 660 40050
568 954 48242
569 669 7283
571 595 7284
571 888 40052
571 885 15478
571 886 15479
571 788 15480
571 756 31864
571 887 48249
571 726 48250
572 612 15486
572 960 23678
572 980 15488
572 659 15489
573 710 15490
573 851 7299
578 1067 23687
578 1068 40074
578 611 40077
578 1069 15503
578 671 23696
578 656 23697
578 1070 23698
578 603 48274
578 604 40083
578 659 40086
578 1071 48281
578 811 7323
578 866 15517
578 891 31903
578 715 7330
579 844 40101
581 686 31909
582 757 31910
584 806 40106
584 780 48300
584 699 7341
585 663 31917
585 677 15535
585 706 7343
585 691 48304
585 983 15537
585 700 40114
586 883 7347
586 638 48308
587 1031 23732
587 1072 40117
588 952 31925
588 654 23734
588 953 31928
588 770 31929
588 769 23737
588 656 7354
588 660 40123
588 951 48316
588 655 15548
588 819 7356
588 772 31938
588 1073 15554
588 954 7365
588 687 7366
589 662 31942
590 940 48327
590 743 48328
590 747 31944
590 945 15561
590 744 48330
590 961 23754
590 946 31946
590 748 15562
590 724 23757
590 591 15566
590 756 31952
590 730 31953
591 724 7378
591 945 40146
591 726 31955
591 744 48339
591 725 31956
591 743 40148
591 746 48345
592 1074 15577
592 595 7385
592 650 40154
592 594 40155
592 895 40158
592 725 48353
593 1075 15585
593 745 48354
593 1076 23779
593 695 48357
594 600 40166
594 648 31974
594 599 7400
594 601 40169
594 695 7403
595 725 15597
596 742 23790
596 786 40178
597 598 31986
598 708 23796
598 1032 23797
598 715 48374
598 925 15606
598 621 31991
598 1077 40183
598 654 48378
598 1062 48379
598 623 23803
598 741 31996
598 953 7421
598 603 15613
599 786 31997
599 601 32000
599 780 40197
600 742 7430
600 725 23815
600 965 40199
601 1046 15624
602 623 40202
602 622 23818
603 621 23820
603 855 7438
603 741 23823
603 630 15631
604 621 40208
606 872 7440
607 1041 48400
608 924 7443
608 634 40211
608 985 48405
609 872 15638
610 822 40215
610 1078 40216
610 967 7450
610 612 32027
610 1079 15643
611 1001 40219
611 614 7451
612 968 7452
612 1080 32030
612 1081 40222
612 985 48415
612 923 40224
612 1082 32033
612 1083 23842
612 1084 7458
613 1019 7460
614 854 32037
614 700 32040
617 1085 15657
621 737 48426
622 623 40235
622 1013 15660
624 821 23854
625 677 40238
627 636 15663
629 683 40241
629 640 15668
630 872 7477
633 730 15669
633 859 23863
634 985 15673
634 924 7481
634 872 32060
634 969 32061
634 1078 40257
636 737 32069
636 1014 32070
638 677 48454
641 643 7495
641 642 23880
641 646 32072
641 645 40265
642 643 7500
643 645 48460
647 787 7501
647 783 40272
647 786 48464
648 792 48465
648 695 48467
649 660 7508
649 773 7509
649 783 15701
650 775 48470
650 696 40279
650 698 48474
651 1086 23898
653 853 48475
654 660 48476
654 770 15710
654 769 32096
654 656 40290
654 772 23907
656 769 23908
656 953 7525
657 825 40297
657 979 23914
657 846 32109
657 661 15728
657 752 48497
658 935 40309
658 1087 15734
658 1088 15735
658 987 48504
658 1089 40312
659 853 48508
660 769 23933
660 772 7554
660 1060 23940
660 962 15749
660 664 32133
660 677 23941
661 754 23944
661 1084 32138
661 752 48522
661 704 15755
661 984 7564
662 715 23950
663 706 48528
663 691 7570
663 1090 48541
664 1091 15773
665 990 32158
668 880 15776
668 694 40353
671 836 40354
671 778 48547
671 1092 40357
675 875 23974
675 1047 15785
675 694 40362
680 1093 7594
687 1007 48556
687 704 40365
687 703 48560
687 692 15793
687 698 40374
687 1067 32182
687 1001 15802
688 884 40379
689 694 23995
691 975 48576
691 706 24000
691 853 24001
692 884 32193
693 1086 7620
694 1094 15814
695 696 7625
695 786 32202
697 775 15819
697 790 15822
698 790 24015
698 797 24017
698 801 40402
699 1095 7635
699 806 24020
699 987 32212
699 879 40404
700 840 32214
701 840 48600
701 1096 7641
703 783 32218
704 775 7646
705 996 15840
705 1097 40418
706 994 7651
706 847 32231
706 1098 15847
706 1043 32232
706 1038 24043
706 1039 40430
706 755 7662
707 853 32239
707 1010 48627
707 825 32243
707 954 24052
709 816 7669
709 1038 48635
709 1035 40444
709 1098 48636
709 849 7676
710 721 24062
710 851 24063
710 733 40449
710 732 15875
711 861 32259
711 1050 15877
711 900 32263
712 795 15883
714 1099 32269
714 988 24081
715 950 7698
718 812 32275
719 908 24083
723 737 24084
724 945 32278
724 744 48664
724 940 15898
724 747 32284
724 986 7710
724 1100 24095
724 958 7711
724 941 15905
724 746 48675
724 946 32291
725 726 15908
725 729 7716
725 798 24100
725 787 15909
725 730 48680
726 729 32297
726 978 24105
726 885 24108
726 886 32303
726 756 15919
726 788 15920
726 887 15923
726 888 7732
728 731 24117
728 992 32309
728 1003 32310
728 976 40504
729 859 40506
730 756 48702
730 983 7743
730 945 32319
730 982 40512
730 981 7745
731 974 7746
731 1003 32322
731 992 7749
734 821 48709
736 937 48712
738 793 32329
742 965 32330
743 748 40528
743 945 15956
743 944 40535
743 746 40537
744 746 24155
744 945 15964
744 745 24159
744 783 40544
744 748 7776
745 940 24161
745 748 15969
745 945 32356
745 746 24169
746 945 40553
746 748 40554
748 940 24171
748 1075 32366
750 872 40558
753 754 32367
754 812 32370
756 885 40564
756 886 15988
756 788 32372
756 887 40565
756 888 7797
756 775 15992
757 1045 32378
757 1027 32379
757 808 32381
757 1101 7806
757 1020 48775
757 1025 48777
757 848 48778
757 1026 24203
761 935 16012
761 930 24206
764 1048 48784
765 795 16016
765 822 40592
765 1102 7825
765 1053 32401
766 774 16018
768 1103 48788
769 770 48790
769 953 32407
770 819 40599
770 975 32417
770 1073 32418
771 1104 7844
771 953 24229
772 819 48808
773 976 7849
774 896 32426
775 833 24235
775 884 24236
775 809 7853
775 834 40624
780 786 16051
783 786 16053
784 890 7864
784 936 16056
784 885 16057
784 895 32441
784 891 24251
788 885 48830
788 886 32447
788 887 24258
788 888 32451
793 1067 16068
793 1069 40644
793 1005 32453
793 1105 16070
793 1078 24263
794 809 7879
795 1066 24267
795 903 32460
799 926 40652
802 1106 48844
807 850 40655
808 1097 16080
808 848 7890
808 1034 16083
808 1023 48851
809 833 16086
809 834 32471
811 1037 24281
811 957 32474
812 846 7901
814 825 16094
816 849 24287
816 847 24288
816 823 16097
818 990 32481
819 953 7905
819 1058 16099
819 952 40678
820 853 24295
822 1053 16108
824 1036 40684
824 870 48879
824 868 40688
824 1107 16112
828 1062 40690
831 976 24308
833 834 48887
833 908 40696
834 1108 7928
836 1109 32506
836 859 16122
836 1010 24319
836 1110 7935
836 1111 16128
837 838 48899
837 880 40707
840 980 16132
847 1098 32517
847 1043 7942
847 1035 24326
847 1039 48904
848 1045 32524
848 1098 16140
848 1034 32527
849 1035 16144
849 1043 40723
849 1037 7955
849 1098 16149
853 929 40725
854 869 40726
855 1112 24343
855 871 32536
855 923 40730
855 868 32541
855 869 16159
859 1113 7969
860 963 16161
860 1005 40738
860 907 48932
861 1050 24356
861 989 32548
861 988 16166
865 976 40743
865 1113 32552
868 869 48937
868 1112 48941
868 870 24370
869 1112 48946
870 1035 16179
870 871 24372
870 1114 32564
870 1038 16181
874 1115 32567
878 1095 24377
884 1116 48953
885 886 48954
885 887 24378
885 888 32573
886 887 48957
886 888 32574
887 888 24383
889 896 24384
889 936 48960
889 891 16195
890 1117 48964
890 978 40773
891 907 8006
891 896 40775
894 981 40776
894 1011 40777
894 983 32588
894 895 48973
894 976 32590
894 920 40784
894 982 40788
895 981 8021
895 976 40791
895 983 32599
895 920 24409
896 936 16217
896 924 16220
898 1118 32605
899 900 32608
900 1058 40805
902 1066 16231
902 912 24423
904 1051 49001
904 908 8043
907 1004 40811
907 1005 40813
907 1067 8046
907 1069 8048
907 911 16241
908 992 40818
908 1003 32626
910 1069 40819
910 1067 49012
910 1005 49013
910 1105 40824
910 1078 8056
912 1066 24440
912 1065 49019
912 1054 32635
919 1119 49020
920 981 32637
920 983 16253
921 1090 16254
922 1002 49023
923 1023 40833
924 985 49027
928 1062 16260
930 1120 16261
931 1011 16266
931 1121 40843
932 963 24460
932 1005 49036
935 987 8078
935 1087 24463
940 941 8081
940 946 32658
941 942 40851
942 958 40852
950 952 24468
954 962 32662
957 1037 16280
957 995 32665
957 996 49050
958 1063 40858
958 1100 49051
958 986 24475
960 1122 49052
968 1084 32669
968 1080 32671
976 981 24479
976 983 16290
979 1123 49059
980 1068 8103
981 1124 24487
981 983 49065
987 1087 40874
988 1050 24492
989 1050 8108
990 1009 40879
992 1003 8112
995 1043 8114
995 1112 32692
995 996 16308
995 1026 32698
997 1123 24507
998 1125 40891
1001 1049 49086
1001 1126 32703
1004 1067 16319
1004 1005 24512
1004 1069 8129
1004 1105 49089
1005 1067 16322
1005 1069 24517
1005 1105 32711
1005 1070 40906
1009 1127 49098
1017 1068 8139
1017 1019 16333
1019 1068 49103
1023 1128 16339
1024 1097 8149
1026 1045 49112
1032 1069 49115
1032 1078 8155
1035 1043 32733
1035 1039 32738
1035 1098 8162
1035 1038 24548
1039 1043 16356
1039 1098 8165
1043 1098 32742
1045 1112 49127
1053 1129 16359
1066 1105 40936
1067 1070 40938
1067 1069 32747
1067 1105 49132
1067 1078 49133
1069 1105 49135
1069 1070 8177
1069 1078 8180
1070 1105 16375
1073 1130 40951
1078 1079 49143
1080 1084 40952
1080 1131 8185
1087 1132 24570
1088 1089 24572
1096 1133 24573
1098 1112 49151
