198 2742
1 8 1
1 24 4099
1 35 8199
1 42 8200
1 46 11
1 60 4108
1 74 8205
1 78 14
1 81 4111
1 95 16
1 98 4112
1 99 4113
1 100 4115
1 101 8212
1 103 22
1 104 8214
1 108 25
1 131 4121
1 132 31
1 154 4128
1 159 32
1 168 8225
1 171 34
2 14 4130
2 54 35
2 150 37
3 115 38
3 153 4136
3 167 8234
3 172 4138
4 5 42
4 13 4139
4 26 8236
4 77 8237
4 85 46
4 102 4142
4 138 8239
4 147 47
4 153 49
4 156 8242
4 167 50
4 169 4147
4 172 8246
4 173 57
4 176 62
4 189 8255
5 13 8256
5 19 8258
5 21 4165
5 26 8262
5 27 4166
5 28 8263
5 29 4168
5 51 72
5 53 8264
5 54 74
5 57 4170
5 73 75
5 75 4172
5 76 4173
5 77 77
5 79 8271
5 85 79
5 86 8275
5 90 8276
5 96 8278
5 97 8280
5 102 8282
5 124 8284
5 126 93
5 128 95
5 136 96
5 138 8288
5 140 4192
5 144 97
5 147 100
5 149 4197
5 153 8293
5 155 102
5 156 8295
5 163 104
5 167 4202
5 169 106
5 172 4204
5 173 109
5 176 4206
5 189 4207
5 191 4208
5 194 113
5 196 4210
5 197 8307
6 152 8308
6 157 117
7 10 4213
7 11 8310
7 14 4215
7 19 120
7 36 121
7 49 8313
7 53 4217
7 55 8316
7 56 4223
7 57 4224
7 60 129
7 61 131
7 67 8323
7 69 132
7 70 8325
7 71 4230
7 72 8326
7 74 135
7 81 8328
7 83 4232
7 87 136
7 93 8329
7 94 138
7 95 4234
7 103 4235
7 108 139
7 111 8334
7 112 8335
7 113 143
7 114 145
7 122 8337
7 125 8338
7 127 4243
7 129 8339
7 130 150
7 132 153
7 136 4249
7 141 4250
7 146 8348
7 150 159
7 151 8352
7 158 160
7 161 8355
7 164 8359
7 168 8361
7 170 8362
7 171 8365
7 177 8366
7 178 8367
7 185 8371
7 190 8373
7 192 4278
7 193 8374
7 194 4279
7 195 8376
7 196 184
7 197 8377
8 35 8378
8 46 186
8 60 4284
8 89 8380
8 95 8381
8 98 8384
8 99 193
8 100 4289
8 101 8385
8 110 8386
8 118 4290
8 121 4291
8 131 196
8 132 4292
8 136 197
8 142 4295
8 154 8392
8 168 4297
8 171 201
8 174 8395
9 11 205
9 23 206
9 32 8398
9 38 4305
9 71 210
9 80 211
9 111 212
9 116 4309
9 117 4310
9 118 8407
9 121 217
9 122 8411
9 135 4316
9 137 221
9 139 4318
9 153 222
9 162 225
9 168 8418
9 179 4322
9 189 4323
10 11 228
10 14 4324
10 49 8421
10 53 230
10 57 4327
10 60 4328
10 61 4329
10 69 4330
10 70 8427
10 71 235
10 74 236
10 87 238
10 103 4335
10 112 8431
10 113 241
10 114 4337
10 127 242
10 130 8435
10 141 245
10 151 4341
10 158 4342
10 161 8438
10 164 4344
10 192 248
10 195 8440
10 196 251
11 23 8443
11 32 253
11 38 8445
11 49 8447
11 53 256
11 57 261
11 71 263
11 80 267
11 112 4363
11 113 4365
11 114 269
11 135 270
11 139 271
11 158 8464
11 161 272
11 162 273
11 164 4369
11 179 8465
11 189 4373
11 196 277
12 18 278
12 19 4374
12 31 8471
12 49 4378
12 53 4379
12 54 283
12 55 4380
12 56 8476
12 57 284
12 60 285
12 61 4382
12 71 286
12 73 287
12 83 8479
12 114 8481
12 129 4386
12 170 294
12 194 4390
12 195 4391
12 196 297
12 197 8490
13 25 4397
13 26 301
13 28 8493
13 73 303
13 85 304
13 86 8500
13 92 4405
13 102 4410
13 128 8506
13 140 8507
13 147 4411
13 148 317
13 149 4415
13 153 319
13 155 8512
13 156 4416
13 167 321
13 169 8513
13 172 4419
13 173 4420
13 176 4421
13 189 327
13 191 4423
14 54 329
14 60 330
14 61 8523
14 69 331
14 70 4427
14 87 332
14 96 8525
14 112 8526
14 114 335
14 127 8527
14 130 4432
14 141 336
14 150 8529
14 151 338
14 158 339
14 161 342
14 164 344
14 185 8536
14 186 4440
14 192 8538
14 194 4444
14 195 4449
15 16 8547
15 24 4452
15 48 8549
15 81 4454
15 91 4455
15 104 361
15 105 8554
15 107 8556
16 24 8557
16 48 367
16 78 8561
16 81 8562
16 91 8563
16 104 4467
16 105 371
16 107 4468
17 62 372
17 136 374
18 19 4471
18 29 4472
18 31 8569
18 50 8570
18 53 379
18 54 4477
18 55 8575
18 56 4479
18 57 384
18 60 8577
18 61 4481
18 73 386
18 77 8578
18 86 8579
18 88 8583
18 90 391
18 96 392
18 114 8585
18 128 4490
18 129 4491
18 131 8587
18 132 396
18 136 4493
18 140 399
18 147 400
18 149 8594
18 158 403
18 167 8596
18 172 405
18 183 8598
18 184 407
18 191 4503
18 194 8601
18 195 409
18 196 410
18 197 4507
19 20 411
19 31 412
19 49 8605
19 53 4511
19 54 416
19 55 4512
19 56 417
19 57 4514
19 60 8612
19 61 422
19 70 8615
19 129 424
19 130 8616
19 136 4522
19 185 8619
19 192 428
19 194 8623
19 195 432
19 196 4529
19 197 8625
20 24 439
20 60 4535
20 70 8633
20 78 4538
20 80 8634
20 87 444
20 136 8637
20 137 4543
20 158 449
20 168 8642
22 43 4546
22 81 4548
22 83 8644
22 98 4549
22 99 453
22 100 454
22 101 8646
22 105 455
22 108 457
22 131 8651
22 132 459
22 136 460
22 164 463
22 170 464
22 174 8657
22 178 465
22 182 466
22 194 8660
22 197 4564
23 32 8662
23 38 471
23 60 8663
23 80 472
23 111 8665
23 135 4572
23 139 8669
23 162 8670
23 168 4576
23 179 4577
23 189 481
24 35 8674
24 42 8676
24 43 485
24 46 8677
24 48 4582
24 60 487
24 74 8680
24 78 488
24 80 4585
24 81 489
24 91 490
24 99 4587
24 100 8683
24 103 8684
24 104 8686
24 105 8690
24 107 8691
24 108 8694
24 132 4599
24 136 503
24 154 504
24 168 4601
24 171 505
24 174 4602
24 182 4604
25 92 509
25 117 510
25 148 4606
25 149 515
25 153 8707
26 28 4614
26 29 4615
26 73 519
26 77 520
26 85 4618
26 86 4620
26 90 8716
26 96 4621
26 102 525
26 124 8718
26 128 527
26 138 4623
26 140 528
26 147 8720
26 149 4624
26 153 8721
26 155 529
26 156 8723
26 167 8724
26 169 4628
26 172 533
26 173 8725
26 176 534
26 178 8727
26 184 535
26 189 4632
26 191 538
26 198 4635
27 29 8732
27 51 541
27 76 8733
27 96 542
27 126 8736
27 128 8737
27 144 8738
27 147 547
27 149 8740
27 153 8741
27 167 549
27 172 4646
28 29 550
28 73 8742
28 77 8743
28 85 552
28 86 4649
28 90 8746
28 96 558
28 102 8750
28 124 4655
28 128 559
28 138 4657
28 140 561
28 147 8754
28 149 4661
28 153 8757
28 155 565
28 156 8758
28 167 566
28 172 4663
28 173 568
28 176 8760
28 184 8761
28 189 8763
28 191 4667
28 198 8764
29 51 4668
29 73 574
29 76 4671
29 77 4672
29 86 4673
29 88 580
29 90 8774
29 96 584
29 97 4682
29 124 586
29 126 4683
29 128 8781
29 136 4686
29 138 591
29 140 4688
29 144 4689
29 147 8785
29 149 8787
29 153 8788
29 167 8791
29 169 8793
29 172 601
29 176 4701
29 184 4702
29 191 8801
29 198 610
30 34 4708
31 32 8807
31 53 617
31 54 8813
31 55 4718
31 56 622
31 57 4720
31 60 627
31 61 8821
31 106 8822
31 111 631
31 123 4728
31 129 632
31 170 4729
31 194 8826
31 195 634
31 196 641
31 197 4737
32 33 8835
32 35 8836
32 38 4741
32 40 648
32 44 4744
32 58 650
32 60 4749
32 61 654
32 62 8851
32 63 4756
32 64 8853
32 65 663
32 66 4761
32 80 8857
32 91 8858
32 98 4762
32 99 8859
32 100 668
32 101 4767
32 105 8863
32 106 672
32 107 4768
32 108 673
32 109 4770
32 110 4771
32 111 8868
32 122 680
32 123 4778
32 131 683
32 132 4780
32 135 684
32 139 8877
32 154 4782
32 162 686
32 168 4784
32 179 8887
32 189 8888
33 35 696
33 38 4793
33 40 699
33 44 8892
33 58 4797
33 60 8893
33 62 704
33 63 8897
33 64 8898
33 65 8899
33 66 708
33 91 4805
33 98 4806
33 99 8907
33 100 4811
33 101 4815
33 105 719
33 106 4817
33 107 8914
33 108 724
33 109 726
33 110 8919
33 116 728
33 119 4827
33 122 4830
33 123 8926
33 131 4831
33 132 737
33 134 8929
33 135 8930
33 154 740
33 168 8933
33 179 741
34 70 4837
34 83 742
34 192 4838
35 40 8935
35 44 743
35 46 8936
35 58 8937
35 60 8938
35 62 746
35 63 4843
35 64 748
35 65 8940
35 66 749
35 68 8943
35 74 752
35 78 4849
35 95 4850
35 98 756
35 99 4854
35 100 759
35 101 8951
35 103 8953
35 104 8954
35 105 8955
35 106 8956
35 107 4862
35 108 8958
35 109 767
35 110 4864
35 122 768
35 123 8965
35 131 774
35 132 4870
35 135 8968
35 154 8969
35 166 777
35 168 778
35 170 4875
35 171 4878
35 179 783
35 187 8975
36 49 4880
36 53 8976
36 54 8977
36 55 786
36 56 4882
36 60 4885
36 67 4886
36 70 791
36 72 4888
36 81 4890
36 83 8987
36 87 8988
36 129 796
36 150 798
36 158 799
36 161 800
36 164 4896
36 170 8994
36 174 8995
36 178 8998
36 192 806
36 194 8999
36 195 4905
36 196 810
36 197 812
37 90 813
37 133 815
37 153 4912
37 155 817
37 180 818
38 40 9011
38 44 823
38 63 9016
38 80 4921
38 91 9017
38 105 825
38 116 9018
38 119 827
38 134 828
38 135 9022
38 139 832
38 162 9024
38 179 4928
38 189 4929
39 51 4930
39 80 4931
39 116 4932
39 149 9028
39 153 4933
39 181 9029
40 44 9030
40 58 4934
40 60 839
40 62 4936
40 63 9032
40 64 840
40 65 841
40 66 4937
40 91 9033
40 98 9035
40 99 9036
40 100 845
40 101 846
40 105 849
40 106 4947
40 107 9043
40 108 4948
40 109 9045
40 110 854
40 116 9047
40 119 858
40 122 9051
40 123 4957
40 131 861
40 132 9054
40 134 863
40 135 4959
40 154 864
40 168 865
40 179 9059
41 45 867
41 77 868
41 86 9061
41 88 869
41 96 870
41 97 4967
41 136 872
42 46 9065
42 50 4969
42 81 4970
42 104 9067
42 106 4972
42 123 4973
42 136 9069
42 159 9070
42 182 4975
42 183 880
43 59 882
43 78 884
43 81 885
43 82 4982
43 83 4983
43 98 9081
43 99 4986
43 100 9082
43 101 9083
43 105 9084
43 108 893
43 118 4991
43 121 4996
43 122 4998
43 131 903
43 132 5000
43 136 9096
43 143 9097
43 158 5003
43 162 5004
43 164 908
43 170 9100
43 174 9102
43 178 9103
43 182 911
43 194 9105
43 197 9106
44 50 5011
44 58 915
44 60 5013
44 62 9109
44 63 917
44 64 918
44 65 9111
44 66 919
44 68 5017
44 91 5018
44 98 923
44 99 924
44 100 925
44 101 926
44 105 5023
44 106 5024
44 107 929
44 108 930
44 109 931
44 110 5029
44 122 5031
44 123 936
44 131 5032
44 132 939
44 135 940
44 139 9134
44 154 944
44 166 9136
44 168 5041
44 171 5044
44 179 9141
44 187 951
45 77 952
45 86 5049
45 88 5051
45 96 5052
45 97 958
45 136 5055
46 50 9152
46 60 961
46 81 9153
46 95 5058
46 98 963
46 99 9156
46 100 5060
46 101 5061
46 104 9157
46 106 968
46 123 5067
46 131 9164
46 132 5070
46 154 9167
46 159 5072
46 168 5073
46 171 9173
46 183 982
47 155 5081
47 167 5082
47 180 987
48 81 5084
48 91 9181
48 104 9183
48 105 991
48 107 9184
49 52 993
49 53 5089
49 54 5090
49 57 9187
49 60 997
49 67 9193
49 69 9194
49 70 1003
49 71 9195
49 79 5100
49 83 9197
49 90 1005
49 112 5102
49 113 1006
49 114 9199
49 118 5103
49 121 9202
49 125 5107
49 127 9205
49 130 9206
49 136 5111
49 142 1018
49 143 9210
49 149 5116
49 150 9215
49 158 9216
49 161 1024
49 162 5120
49 164 5122
49 174 9219
49 178 1028
49 185 5124
49 192 1029
49 194 5128
49 195 9227
49 196 9230
50 53 5135
50 56 9232
50 60 9233
50 64 1042
50 65 9234
50 66 5139
50 68 1044
50 81 1045
50 88 9237
50 106 1046
50 110 9240
50 111 1050
50 114 9242
50 123 9243
50 131 5150
50 132 9246
50 139 1055
50 158 5152
50 166 9248
50 168 1058
50 179 5156
50 183 5157
50 196 9254
51 75 5158
51 76 9256
51 79 5161
51 96 9259
51 126 5163
51 128 1068
51 136 5164
51 144 5165
51 147 5166
51 149 9265
51 153 1074
51 167 9267
51 172 5172
51 174 1076
51 181 1077
52 53 9269
52 60 1078
52 83 5182
52 88 1087
52 196 1088
53 54 5186
53 55 1094
53 56 5191
53 57 9287
53 60 9289
53 61 1099
53 67 9292
53 71 5196
53 81 5200
53 83 9298
53 88 1107
53 111 1109
53 112 5205
53 113 1110
53 114 9303
53 129 1113
53 131 9306
53 132 5210
53 149 1117
53 150 9312
53 158 1120
53 161 1121
53 164 5219
53 170 9316
53 178 1126
53 183 5222
53 194 1127
53 195 9319
53 196 5226
53 197 9327
54 55 5231
54 56 9328
54 57 1139
54 60 5236
54 61 9332
54 67 5237
54 69 9335
54 70 5239
54 83 5241
54 87 1146
54 93 5244
54 94 1148
54 96 5245
54 111 1149
54 125 5246
54 129 5248
54 130 1153
54 146 1154
54 149 9346
54 150 5250
54 158 9347
54 161 1156
54 164 9353
54 168 9354
54 170 1162
54 174 5259
54 177 5260
54 178 5262
54 186 9358
54 190 9359
54 192 5265
54 193 9362
54 194 9363
54 195 5269
54 196 5272
54 197 1177
55 56 9369
55 57 9370
55 60 1179
55 61 9372
55 67 9374
55 81 9375
55 83 5280
55 129 9379
55 150 5283
55 158 1188
55 164 5285
55 170 1190
55 178 5287
55 194 9383
55 195 5288
55 196 9384
55 197 1193
56 57 1194
56 60 5290
56 61 9388
56 67 1198
56 81 1200
56 83 5296
56 88 9394
56 111 5299
56 114 1206
56 129 1209
56 131 9403
56 132 5308
56 150 1213
56 158 5313
56 164 5314
56 170 1220
56 178 5319
56 183 5322
56 194 9422
56 195 1231
56 196 1232
56 197 5328
57 60 1233
57 61 9426
57 70 5331
57 71 1235
57 83 1236
57 89 9429
57 111 1238
57 112 9431
57 113 9432
57 114 5337
57 121 1241
57 129 1242
57 130 5339
57 136 1243
57 142 5340
57 158 1246
57 161 5342
57 164 9443
57 185 1251
57 192 5347
57 194 9444
57 195 9445
57 196 5350
57 197 9447
58 60 1255
58 62 1259
58 63 5356
58 64 1262
58 65 5358
58 66 5359
58 98 1265
58 99 1266
58 100 5363
58 101 9461
58 105 9463
58 106 5368
58 107 1272
58 108 1273
58 109 5370
58 110 1274
58 122 1276
58 123 5375
58 131 9472
58 132 5376
58 135 9473
58 154 1281
58 162 5378
58 168 9474
58 179 1282
58 187 9475
58 188 1283
59 82 9476
59 99 1284
59 100 5381
59 118 9477
59 121 5384
59 122 1289
59 136 5386
59 143 9482
59 158 5387
59 162 9483
59 174 9485
60 61 1296
60 62 5395
60 63 1299
60 64 9496
60 65 1304
60 66 5400
60 68 9497
60 69 5402
60 70 1310
60 72 9503
60 78 1314
60 80 9509
60 81 5414
60 83 5415
60 88 1321
60 89 5418
60 91 9515
60 93 1324
60 94 9517
60 95 5422
60 98 9519
60 99 5423
60 100 1328
60 101 1332
60 105 5430
60 106 9528
60 107 5432
60 108 9529
60 109 5434
60 110 1338
60 111 5435
60 112 1339
60 114 9536
60 118 5441
60 121 5442
60 122 5443
60 123 9540
60 125 5444
60 127 1349
60 129 9541
60 130 5449
60 131 1356
60 132 5452
60 135 9550
60 136 5455
60 141 9551
60 142 1360
60 146 5456
60 150 9553
60 151 5458
60 154 9555
60 158 1364
60 161 1366
60 164 5462
60 166 9559
60 168 1367
60 171 1372
60 174 5468
60 179 5471
60 183 9568
60 187 1376
60 190 5472
60 192 1377
60 193 5474
60 194 9571
60 195 1379
60 196 1381
60 197 9574
61 69 1384
61 70 1385
61 106 1388
61 111 1391
61 112 9583
61 114 5488
61 123 5489
61 127 1394
61 129 5491
61 130 9588
61 141 9589
61 151 1398
61 158 9593
61 177 5498
61 192 5499
61 194 1404
61 195 5500
61 196 5503
61 197 1410
62 63 5507
62 64 1412
62 65 5509
62 66 5510
62 98 9608
62 99 1417
62 100 9609
62 101 9610
62 105 1420
62 106 9612
62 107 1422
62 108 5518
62 109 9618
62 110 9620
62 122 1428
62 123 9621
62 131 1430
62 132 1432
62 135 9625
62 154 9626
62 168 5530
62 179 9627
63 64 9628
63 65 1439
63 66 5535
63 91 9631
63 98 5536
63 99 1440
63 100 1441
63 101 1443
63 105 5541
63 106 1446
63 107 9638
63 108 9641
63 109 1451
63 110 9644
63 122 5548
63 123 1454
63 131 5551
63 132 9647
63 135 1456
63 154 9649
63 168 9650
63 179 9651
64 65 1459
64 66 1460
64 98 9655
64 99 1463
64 100 5559
64 101 5560
64 105 9657
64 106 9659
64 107 1468
64 108 1470
64 109 1471
64 110 9663
64 122 9664
64 123 5568
64 131 9665
64 132 1474
64 135 5572
64 139 1477
64 154 9671
64 168 5575
64 170 1480
64 179 5577
65 66 1482
65 98 5578
65 99 9675
65 100 1483
65 101 9676
65 105 5582
65 106 5589
65 107 1499
65 108 5595
65 109 9692
65 110 1501
65 122 1502
65 123 9697
65 131 5602
65 132 1506
65 135 1507
65 136 5604
65 139 1508
65 154 9700
65 168 5605
65 170 9703
65 179 1512
66 98 5610
66 99 9707
66 100 9708
66 101 5613
66 105 9709
66 106 5614
66 107 1519
66 108 9712
66 109 1521
66 110 1522
66 122 1523
66 123 9716
66 131 5623
66 132 9723
66 135 5628
66 136 9726
66 139 1535
66 154 9727
66 168 1536
66 170 5632
66 179 9729
66 182 5634
67 70 1538
67 81 9731
67 83 5636
67 84 5637
67 87 9735
67 103 1544
67 127 9736
67 134 5644
67 135 1549
67 136 5645
67 149 1550
67 150 5648
67 158 5649
67 159 5650
67 164 5651
67 170 1555
67 174 9747
67 178 9749
67 192 5654
67 194 9750
67 195 5655
67 196 9756
68 99 1564
68 101 5662
68 132 1568
68 135 9760
68 154 5664
68 166 9761
68 168 9762
68 171 9763
68 183 1571
68 187 5667
69 70 5669
69 73 1574
69 86 1575
69 87 5672
69 88 9769
69 90 1578
69 93 9770
69 94 5674
69 95 9771
69 96 9772
69 99 5677
69 108 5679
69 109 9777
69 110 1587
69 111 9781
69 112 5687
69 114 1591
69 118 1592
69 121 1593
69 122 5690
69 125 5695
69 127 5696
69 130 5697
69 132 1601
69 136 1602
69 141 5699
69 142 5700
69 143 9796
69 146 5701
69 150 5702
69 151 5703
69 158 9801
69 161 1611
69 164 5707
69 168 9806
69 171 1614
69 174 5711
69 175 9812
69 177 9813
69 183 5717
69 186 9814
69 190 5719
69 192 1623
69 193 9818
69 194 5724
69 195 1629
70 73 9822
70 83 9824
70 86 5728
70 87 1632
70 88 1633
70 93 5730
70 94 5731
70 95 9828
70 96 1637
70 99 5733
70 108 9829
70 110 9830
70 111 5734
70 112 5735
70 114 5738
70 118 5739
70 121 9836
70 122 5740
70 125 1646
70 127 1647
70 130 1648
70 132 9841
70 136 5745
70 141 5746
70 142 9843
70 143 1652
70 146 9844
70 150 9845
70 151 9847
70 158 5752
70 161 9848
70 164 9849
70 167 5754
70 168 9850
70 170 5755
70 171 1660
70 174 9853
70 175 1661
70 177 1662
70 178 9854
70 183 9855
70 185 9856
70 186 5760
70 190 1665
70 192 5762
70 193 9859
70 194 1668
70 195 9860
71 72 5764
71 74 1675
71 83 1676
71 103 1678
71 111 9872
71 112 9874
71 113 5778
71 114 9875
71 116 5779
71 117 9876
71 118 5780
71 121 1685
71 122 5781
71 137 1686
71 150 9879
71 153 5785
71 158 9881
71 161 9882
71 164 9883
71 168 1692
71 195 9884
71 196 1695
72 74 9891
72 103 9892
72 150 5796
72 161 1703
72 164 9895
73 77 5799
73 85 5800
73 86 9897
73 88 5802
73 90 1708
73 96 1712
73 99 1713
73 110 5809
73 128 9906
73 136 1714
73 140 1716
73 143 9910
73 147 5815
73 149 5817
73 155 5819
73 156 9915
73 167 1724
73 172 1725
73 174 1726
73 184 9918
73 189 5824
73 191 5828
74 78 1734
74 87 5832
74 103 1737
74 104 1738
74 108 9930
74 112 1739
74 114 9931
74 150 1740
74 154 9932
74 161 5837
74 164 5838
74 168 9934
74 171 5839
75 76 9936
75 79 5840
75 86 5842
75 96 9938
75 126 9941
75 128 1752
75 136 9944
75 144 5850
75 147 9949
75 149 1759
75 163 9952
75 167 5856
75 172 5857
75 174 1763
75 198 5859
76 79 9955
76 96 5860
76 126 9957
76 128 1766
76 136 9959
76 144 1768
76 147 5864
76 149 9960
76 153 1769
76 172 9966
76 174 5871
77 85 1775
77 86 1776
77 88 1778
77 90 5874
77 96 5877
77 97 1781
77 102 9973
77 124 5878
77 128 5879
77 136 1783
77 138 5880
77 140 9977
77 147 1788
77 149 1790
77 167 1791
77 169 1792
77 172 9985
77 173 1793
77 184 9986
77 191 1794
78 80 5892
78 91 1797
78 95 5893
78 99 5894
78 100 9991
78 103 5895
78 104 1799
78 108 1801
78 136 9995
78 137 9997
78 154 1807
78 158 9999
78 168 5906
78 171 5908
78 174 1813
78 179 5914
78 182 5917
78 188 5918
79 86 1829
79 96 5926
79 118 1833
79 126 1836
79 128 5932
79 136 5933
79 142 1837
79 143 1838
79 144 5937
79 147 1842
79 149 5940
79 163 1845
79 167 5943
79 172 1849
79 174 1850
80 91 5946
80 95 1851
80 135 1854
80 139 1855
80 162 1856
80 168 5953
80 179 1857
80 181 5955
80 189 1859
81 83 1861
81 98 5958
81 99 5959
81 100 5960
81 101 5962
81 104 5965
81 105 1871
81 106 1874
81 108 1876
81 123 5973
81 131 5974
81 132 5975
81 136 1879
81 150 5976
81 158 1888
81 164 1889
81 170 1892
81 174 1893
81 178 5990
81 182 5991
81 183 1895
81 194 5997
81 195 5998
81 196 6003
81 197 6004
82 99 1910
82 118 1913
82 121 6009
82 122 6010
82 136 6014
82 143 1918
83 84 6016
83 87 1921
83 89 6017
83 90 1923
83 98 1926
83 99 6024
83 100 1929
83 101 6025
83 103 6027
83 105 1933
83 108 1936
83 109 6032
83 111 6039
83 114 1944
83 118 1947
83 121 1948
83 127 1951
83 131 6048
83 132 6049
83 134 6055
83 135 1962
83 136 6059
83 137 6062
83 141 1967
83 142 1968
83 149 6067
83 150 6069
83 158 1974
83 159 6072
83 164 1979
83 168 1981
83 170 6077
83 174 6079
83 178 6080
83 182 6081
83 185 1987
83 192 1988
83 194 6085
83 195 1990
83 196 1991
83 197 1992
84 118 6090
84 129 6092
84 134 6095
84 135 6096
84 136 6097
84 158 2004
84 159 2005
84 170 6101
84 175 2011
84 183 2014
84 194 6112
84 195 2016
85 86 6114
85 102 6115
85 128 2025
85 140 6122
85 147 2029
85 149 2031
85 155 2035
85 156 6134
85 167 6135
85 169 2040
85 189 2041
85 191 2044
86 88 2051
86 90 2053
86 96 2054
86 97 2055
86 102 2056
86 124 2058
86 128 2063
86 136 2064
86 138 6161
86 140 2069
86 147 2077
86 149 6183
86 153 6185
86 155 2091
86 156 6189
86 163 2093
86 167 2094
86 169 6192
86 172 2097
86 173 6200
86 176 6201
86 184 2106
86 189 6209
86 191 2113
86 198 2116
87 96 2117
87 103 6216
87 112 6217
87 114 6218
87 130 6219
87 150 2124
87 158 2127
87 161 6225
87 164 2129
87 186 2132
87 192 6228
87 194 2136
87 195 6234
88 90 6236
88 96 6240
88 97 2147
88 99 6245
88 110 6247
88 114 2151
88 128 2152
88 131 6248
88 132 6250
88 136 2157
88 140 2160
88 143 6257
88 147 2162
88 149 6258
88 158 2164
88 167 6260
88 172 6263
88 174 6265
88 183 6266
88 184 2171
88 191 6268
88 196 2173
89 95 6269
89 118 2174
89 121 2175
89 127 6273
89 132 2179
89 136 6277
89 141 2184
89 142 2186
89 149 6283
89 158 2193
89 171 2194
89 174 2195
89 196 2198
90 96 2200
90 97 6297
90 124 2203
90 125 6300
90 128 2205
90 133 2206
90 136 6303
90 138 2207
90 140 6304
90 147 2211
90 149 2213
90 153 6309
90 167 2215
90 169 6311
90 172 6312
90 173 6313
90 176 2218
90 184 2220
90 191 2221
90 198 6318
91 95 2225
91 104 6323
91 105 2228
91 107 6325
91 116 6326
91 119 2231
91 134 6329
91 135 6333
91 139 2238
91 168 6334
91 179 2240
92 148 6338
92 153 6339
92 163 6341
93 94 2245
93 95 6342
93 108 2247
93 111 2248
93 114 2251
93 118 6350
93 121 6351
93 122 2259
93 125 6355
93 127 2260
93 130 6357
93 132 2264
93 136 2266
93 146 6367
93 168 6369
93 171 6370
93 175 6371
93 177 6376
93 183 6381
93 190 2286
93 192 2287
93 193 6385
94 95 2291
94 108 6388
94 111 2292
94 114 2295
94 118 6393
94 121 6394
94 122 2298
94 125 2300
94 130 2302
94 132 2305
94 136 6403
94 146 2308
94 168 6407
94 171 6408
94 175 6409
94 177 2313
94 183 2314
94 190 6410
94 192 2315
94 193 2318
95 98 6415
95 99 6418
95 100 2324
95 101 6425
95 108 6428
95 110 6429
95 111 6431
95 122 6432
95 125 2337
95 127 2339
95 131 6436
95 132 6441
95 135 2345
95 136 6443
95 141 6446
95 142 2352
95 146 6449
95 154 2357
95 158 6457
95 168 2362
95 171 2364
95 174 6461
95 179 6466
95 190 2372
95 192 2373
95 193 6470
96 97 2375
96 124 6471
96 125 2379
96 126 2381
96 128 6478
96 130 2383
96 136 6479
96 138 2385
96 140 6483
96 142 2388
96 144 6484
96 147 2389
96 149 2392
96 150 2393
96 153 6491
96 158 2396
96 161 6492
96 163 6493
96 164 2397
96 167 6495
96 169 2401
96 172 2402
96 173 6499
96 176 6505
96 184 2411
96 186 6507
96 191 6509
96 192 6512
96 194 6514
96 198 6515
97 124 6516
97 128 6522
97 136 6524
97 138 2428
97 147 6527
97 149 2432
97 167 6531
97 169 2436
97 172 2437
98 99 6537
98 100 2446
98 101 2448
98 105 2449
98 106 2450
98 107 2454
98 108 2455
98 109 2457
98 110 6556
98 122 6560
98 123 2464
98 131 6561
98 132 2467
98 135 6568
98 136 2473
98 154 2475
98 164 6575
98 168 2480
98 170 2481
98 171 6577
98 174 6583
98 178 2489
98 179 6586
98 182 2490
98 194 2491
98 197 2493
99 100 2495
99 101 2496
99 105 2498
99 106 6595
99 107 6596
99 108 2502
99 109 6598
99 110 2508
99 118 2510
99 121 2512
99 122 2513
99 123 6611
99 131 6612
99 132 6617
99 135 2522
99 136 2524
99 143 6620
99 154 2525
99 164 6626
99 166 6627
99 168 6628
99 170 2536
99 171 6637
99 174 2541
99 178 2543
99 179 6642
99 182 2548
99 187 2550
99 194 6653
99 197 2557
100 101 6654
100 105 2558
100 106 6656
100 107 2561
100 108 2569
100 109 2570
100 110 2571
100 122 6669
100 123 2573
100 131 2575
100 132 2581
100 135 6678
100 136 6683
100 154 2588
100 164 6685
100 168 6691
100 170 2599
100 171 6695
100 174 2600
100 178 6696
100 179 2601
100 182 2602
100 194 6702
100 197 2607
101 105 6704
101 106 2608
101 107 2610
101 108 6707
101 109 6713
101 110 2620
101 122 2626
101 123 2629
101 131 6728
101 132 2634
101 135 6730
101 136 2639
101 154 6735
101 164 2641
101 166 6737
101 168 6741
101 170 2652
101 171 6748
101 174 2653
101 178 6749
101 179 6750
101 182 6752
101 187 2658
101 194 6754
101 197 2660
102 128 6756
102 138 2663
102 140 6760
102 147 6762
102 156 2667
102 167 6767
102 169 2673
102 172 2674
102 173 6770
102 176 2675
102 189 2677
103 104 2678
103 108 6774
103 112 6775
103 114 2681
103 150 6778
103 154 2683
103 161 6780
103 164 6782
103 168 2687
103 171 6784
103 178 6786
104 105 2691
104 107 2692
104 108 6790
104 154 2698
104 159 2704
104 168 2705
104 171 6801
105 106 2708
105 107 6807
105 108 2712
105 109 6811
105 110 2717
105 122 6813
105 123 2718
105 131 6814
105 132 2720
105 135 6820
105 136 2725
105 154 6821
105 164 6824
105 168 2730
105 170 6828
105 174 6834
105 178 6836
105 179 6841
105 182 2746
105 194 6846
105 197 6847
106 107 6850
106 108 2755
106 109 2760
106 110 6860
106 111 6862
106 122 6863
106 123 2768
106 131 2770
106 132 2773
106 135 6871
106 154 6873
106 168 6874
106 179 6875
106 183 6878
106 187 6882
106 188 6886
107 108 2790
107 109 2791
107 110 6890
107 122 2795
107 123 6894
107 131 6897
107 132 6898
107 135 6900
107 154 2805
107 162 2806
107 168 6902
107 179 2807
107 187 6903
107 188 6904
108 109 6905
108 110 6906
108 111 2810
108 122 6907
108 123 2812
108 125 2814
108 131 6914
108 132 2820
108 135 2821
108 136 2823
108 146 2824
108 154 2825
108 164 6926
108 168 2831
108 170 2833
108 171 2834
108 174 6932
108 178 6934
108 179 2838
108 182 6936
108 190 6937
108 192 2843
108 193 6940
108 194 6943
108 197 6944
109 110 6945
109 122 2849
109 123 2851
109 131 6949
109 132 2854
109 135 6953
109 154 6956
109 168 6959
109 170 2863
109 177 6960
109 179 2864
110 122 2866
110 123 2867
110 131 2870
110 132 6966
110 135 6968
110 136 6972
110 139 6976
110 143 6980
110 154 2887
110 168 2890
110 170 2893
110 171 2895
110 174 6993
110 179 6995
110 182 6996
111 116 7002
111 117 2914
111 118 7010
111 121 7012
111 122 7014
111 123 2923
111 125 7019
111 132 7020
111 137 7028
111 146 2932
111 153 7030
111 168 7031
111 170 2936
111 171 2942
111 190 7039
111 192 2944
111 193 7041
111 194 7043
111 195 2951
111 196 7048
112 113 2952
112 114 7050
112 127 7052
112 130 2959
112 141 2960
112 150 7058
112 151 7062
112 158 7065
112 161 2970
112 164 2971
112 192 7068
112 195 2972
112 196 2976
113 114 7078
113 158 7079
113 161 2987
113 164 2989
113 196 7086
114 125 7087
114 127 2993
114 130 2995
114 131 2996
114 132 2998
114 136 7094
114 141 7097
114 142 3005
114 146 3009
114 151 3011
114 158 3013
114 161 7114
114 164 7115
114 183 7119
114 190 7120
114 192 7124
114 193 3030
114 195 3031
114 196 3032
115 148 3036
115 152 7133
115 153 7134
115 157 3038
115 167 7137
115 172 3042
116 117 3043
116 118 3047
116 119 7144
116 121 3051
116 122 7147
116 134 3052
116 135 3055
116 137 3056
116 153 3059
116 168 3060
116 179 7158
116 181 7160
117 118 3066
117 121 7162
117 122 3067
117 137 7163
117 153 7164
117 168 7165
117 179 7168
117 183 7169
118 121 7170
118 122 7171
118 125 7172
118 129 3077
118 132 7173
118 136 7174
118 137 3078
118 142 3080
118 143 7176
118 146 7178
118 153 3082
118 168 7180
118 170 3084
118 174 7181
118 175 7183
118 177 7186
118 183 3091
118 190 3092
118 192 3094
118 193 7191
118 194 3096
119 120 3097
119 134 3099
119 135 7197
119 179 7199
121 122 3104
121 125 3107
121 132 7204
121 136 3108
121 137 7207
121 142 3113
121 143 3121
121 146 7218
121 153 3124
121 158 7222
121 168 3127
121 174 3128
121 175 7232
121 177 3136
121 183 7237
121 190 7238
121 192 3142
121 193 7240
121 196 7242
122 123 7246
122 125 7249
122 131 3153
122 132 7251
122 135 3157
122 136 3159
122 137 7256
122 143 7261
122 146 7262
122 153 3167
122 154 7264
122 168 7265
122 171 3171
122 179 3172
122 190 7274
122 192 3178
122 193 3181
123 131 7278
123 132 3183
123 135 3185
123 154 3186
123 162 3189
123 168 7289
123 179 3199
123 183 7302
123 187 3206
123 188 3208
124 128 7307
124 138 3213
124 140 7311
124 153 7312
124 176 7314
124 184 3219
124 198 7315
125 130 7316
125 132 3222
125 136 3223
125 142 7320
125 146 3227
125 151 7330
125 168 3235
125 171 7332
125 175 3236
125 177 7334
125 183 3240
125 190 3241
125 192 7339
125 193 7341
126 128 3248
126 136 7348
126 144 3256
126 147 7352
126 149 3257
126 153 3260
126 167 7361
126 172 3273
126 174 3275
127 130 3276
127 136 7373
127 141 3278
127 142 7374
127 150 3279
127 151 7378
127 158 7379
127 164 7381
127 171 3285
127 174 3287
127 178 7383
127 185 3290
127 192 7389
127 195 3294
128 136 7392
128 138 7393
128 140 7395
128 144 3304
128 147 3306
128 149 3307
128 153 7404
128 155 7405
128 156 3309
128 167 3317
128 169 7414
128 172 7416
128 173 7420
128 176 3324
128 184 7421
128 189 7423
128 191 7426
128 192 7427
129 136 7431
129 170 7435
129 175 3340
129 183 3341
129 194 3343
129 195 7440
129 196 7442
129 197 3349
130 136 7446
130 141 7447
130 146 3356
130 150 3357
130 151 7454
130 158 3358
130 161 3359
130 164 7457
130 177 7459
130 185 7461
130 186 3365
130 190 7462
130 192 7466
130 193 3371
130 194 3373
130 195 7472
131 132 7474
131 135 3379
131 136 3389
131 139 3391
131 154 7488
131 158 7491
131 164 7492
131 168 3398
131 170 7495
131 171 7496
131 174 7498
131 178 7499
131 179 7502
131 182 3409
131 183 7506
131 194 7509
131 196 3413
131 197 3415
132 135 3416
132 136 7517
132 141 3423
132 142 3426
132 146 7523
132 154 3428
132 158 7526
132 164 3431
132 166 7536
132 168 3441
132 170 7540
132 171 7541
132 174 3446
132 178 7548
132 179 3452
132 182 7550
132 183 3454
132 187 7551
132 190 3456
132 192 3458
132 193 3459
132 194 7555
132 196 7557
132 197 3463
133 155 3465
133 156 7563
133 167 7564
133 180 3470
134 135 3474
134 159 7574
134 179 3478
134 195 7575
135 139 3481
135 154 7580
135 159 3484
135 162 3485
135 166 3486
135 168 3487
135 171 3488
135 179 3493
135 187 7589
135 189 3496
135 195 7593
136 137 3499
136 138 3502
136 140 7599
136 141 7601
136 142 7603
136 143 3507
136 144 7604
136 146 3508
136 147 7606
136 149 3512
136 150 7611
136 151 7612
136 158 7614
136 161 7616
136 162 3520
136 163 7617
136 164 3523
136 167 7623
136 168 7626
136 170 3533
136 171 3534
136 172 3535
136 174 3538
136 175 7634
136 177 7638
136 178 3542
136 182 7647
136 183 7649
136 184 3553
136 185 7650
136 188 7652
136 190 3556
136 191 3557
136 192 3559
136 193 3563
136 194 3564
136 196 3565
136 197 7663
137 153 3568
137 158 7668
137 168 3576
137 188 7673
138 145 3581
138 147 3584
138 149 7682
138 155 3587
138 167 3591
138 169 7689
138 172 7690
138 173 3594
138 178 3596
139 162 3597
139 179 3598
139 189 7699
140 147 7700
140 149 3606
140 153 3607
140 155 7706
140 156 3611
140 167 3612
140 169 7709
140 172 7710
140 173 7712
140 176 3620
140 184 3621
140 189 3622
140 191 7719
140 198 3625
141 142 7724
141 151 3630
141 158 7726
141 171 7729
141 174 3634
141 192 7731
141 195 7736
142 143 3640
142 149 7737
142 150 3642
142 158 7740
142 161 7741
142 164 3645
142 168 7743
142 171 3648
142 174 7744
142 185 7745
142 193 7746
142 196 7748
143 174 3652
144 147 3653
144 149 3654
144 153 3656
144 172 7754
144 174 3660
144 198 7756
145 167 7757
146 151 3662
146 168 7759
146 171 3664
146 175 7762
146 177 3669
146 183 7766
146 190 3670
146 192 7771
146 193 7772
147 149 3676
147 153 3680
147 156 7777
147 167 7778
147 169 3683
147 172 7789
147 173 3693
147 174 7790
147 176 3697
147 184 7794
147 189 3699
147 191 7803
148 153 3710
149 150 3713
149 153 3716
149 155 7814
149 156 3720
149 160 7820
149 163 3726
149 167 7822
149 169 7824
149 172 3730
149 173 7828
149 174 7829
149 176 7831
149 178 7832
149 181 7834
149 184 7835
149 189 7841
149 191 7842
149 194 3747
149 195 3748
150 151 3750
150 158 3751
150 161 7851
150 164 7853
150 170 7855
150 178 3759
150 185 3766
150 186 7862
150 192 7865
150 194 7866
150 195 7869
150 196 3773
151 158 7874
151 177 7878
151 185 3783
151 190 7879
151 192 7880
151 193 7881
151 195 3789
152 157 7886
153 163 3793
153 167 3795
153 168 3798
153 172 3799
153 181 7896
153 198 7898
154 166 3806
154 168 3808
154 170 3814
154 171 3816
154 179 7913
154 187 3818
155 156 3819
155 167 7924
155 178 3828
155 180 3831
155 189 7928
155 191 7933
156 167 3842
156 169 3845
156 172 3846
156 173 3847
156 176 3848
156 189 7946
156 191 3853
157 180 3854
158 161 7950
158 164 7952
158 168 3859
158 170 3860
158 171 7956
158 174 3861
158 178 3862
158 183 3865
158 186 7962
158 188 3867
158 192 3870
158 194 7968
158 195 3874
158 196 7972
159 195 3876
161 164 3877
161 186 7973
161 192 3884
161 194 3885
161 196 3886
162 179 7982
162 187 3887
162 188 7983
162 189 7985
163 167 7986
163 172 3891
163 173 3892
164 170 7989
164 174 3893
164 178 7993
164 182 3898
164 186 7996
164 192 3900
164 194 7997
164 195 3901
164 196 7998
164 197 8003
165 185 8004
166 168 8005
166 171 3910
166 183 3912
166 187 8010
167 169 8012
167 172 8013
167 173 3918
167 176 8016
167 184 3924
167 189 3925
167 191 8022
167 198 3926
168 170 3928
168 171 3929
168 179 8025
168 187 3932
168 190 8030
168 192 3935
168 193 3942
168 194 8039
168 195 3947
169 172 8045
169 173 3950
169 176 3951
169 189 8048
170 174 3952
170 175 8051
170 178 3955
170 182 3956
170 183 3957
170 192 8053
170 194 3958
170 195 3961
170 196 3962
170 197 3968
171 174 3970
171 187 8066
171 190 8067
171 192 8068
171 193 3972
172 173 8071
172 176 8075
172 184 8076
172 189 3982
172 191 3984
173 176 8081
173 184 8083
173 189 8085
173 191 8086
174 178 3991
174 182 8087
174 192 8091
174 194 3996
174 197 4002
175 177 8100
175 183 4005
175 190 8103
175 192 4007
175 193 4010
175 194 8109
176 184 8111
176 189 8114
176 192 4018
176 198 8119
177 183 8123
177 190 4030
177 192 4031
177 193 4034
178 182 4035
178 192 8131
178 194 4036
178 195 4040
178 196 8137
178 197 4041
179 183 8139
179 189 4047
182 183 4048
182 194 4049
182 197 8145
183 190 8149
183 192 4054
183 193 8151
183 194 8153
183 196 8154
184 191 4058
184 198 4059
185 192 8157
186 192 8160
186 194 4068
187 188 8167
189 191 8168
190 192 4073
190 193 8171
192 193 8172
192 194 4077
192 195 8173
194 195 8182
194 196 4088
194 197 8188
195 196 4094
195 197 4095
196 197 8191
